705.008 5.34222 0.684674
724.157 18.0098 19.2889
725.165 22.9174 3.30894
733.228 0.283053 5.26017
734.236 1.84131 5.91003
735.244 2.49347 6.37295
736.252 2.89876 6.71916
737.26 3.16874 7.11102
738.268 3.46292 7.48875
739.276 3.74292 8.01563
740.283 3.97033 8.58767
741.291 4.17544 9.12127
742.299 4.44414 9.69318
743.307 4.72789 10.483
744.315 5.00989 11.3139
745.323 5.43615 12.3135
746.331 5.87834 13.466
747.339 6.36041 14.9463
748.346 7.06935 16.7258
749.354 7.95466 18.8411
750.362 8.91397 21.4133
751.37 10.0168 24.6537
792.693 7.94167 7.56195
793.701 6.75793 6.972
794.709 5.98907 6.52946
795.717 5.42878 6.17667
796.724 4.93517 5.82915
797.732 4.58231 5.53047
798.74 4.30093 5.2719
799.748 4.02967 5.03422
800.756 3.81771 4.80813
801.764 3.68565 4.62108
802.772 3.44774 4.39574
803.78 3.38014 4.29534
804.787 3.21396 4.15004
805.795 3.13296 4.00034
806.803 3.06191 3.90926
807.811 2.95279 3.82032
808.819 2.89919 3.74649
809.827 2.89077 3.71619
810.835 2.82385 3.60934
811.843 2.78786 3.563
812.85 2.76998 3.51371
813.858 2.68426 3.42593
814.866 2.71421 3.45491
815.874 2.68883 3.45123
816.882 2.66813 3.38552
817.89 2.64281 3.3601
818.898 2.5836 3.31996
819.906 2.57524 3.34746
820.913 2.64865 3.47099
821.921 2.64067 3.51924
822.929 2.66403 3.60237
823.937 2.73114 3.69006
824.945 2.76999 3.82997
825.953 4.07517 4.67858
826.961 3.44901 4.68083
827.969 2.87043 4.45469
828.976 3.14636 4.63178
829.984 3.15251 4.45982
833.008 4.50418 0.689174
834.016 3.70852 0.533438
837.039 0.0754836 1.1127
838.047 0.263995 1.01049
839.055 0.664209 1.67213
840.063 7.26273 3.0526
841.071 1.43151 1.88795
842.079 7.15218 4.10063
843.087 6.77513 6.45655
844.094 2.87737 4.11611
845.102 2.01286 3.57233
846.11 2.09142 3.63881
847.118 2.18406 3.73521
848.126 2.32816 3.89482
849.134 2.35724 3.90748
850.142 2.43737 4.02781
851.15 2.5767 4.19577
852.157 2.66874 4.33128
853.165 2.86037 4.56633
854.173 3.02665 4.79313
855.181 3.11833 4.98697
856.189 3.31553 5.28246
857.197 3.57887 5.74966
858.205 3.93651 6.29383
859.213 4.37663 6.99317
860.22 4.83933 7.80347
861.228 5.46915 8.93544
862.236 6.43414 10.6079
863.244 7.84575 13.098
864.252 9.93108 16.9089
895.496 1.78392 0.652431
896.504 2.05129 1.1924
897.512 2.20029 1.4833
898.52 2.27976 1.77287
899.528 2.5025 1.9879
900.535 2.53011 2.16145
901.543 2.66613 2.33309
902.551 2.69069 2.4242
903.559 2.57163 2.35173
904.567 2.59149 2.42469
905.575 2.50795 2.46269
906.583 2.57453 2.54091
907.591 2.61748 2.66618
908.598 2.6025 2.58467
909.606 2.54545 2.64816
910.614 2.51405 2.6376
911.622 2.49373 2.66835
912.63 2.57948 2.73546
913.638 2.62631 2.86736
924.724 2.43812 3.40658
925.732 2.34998 2.50402
926.74 2.4457 2.7899
927.748 1.65102 2.90961
928.756 2.69797 3.48153
929.764 2.82756 3.68348
930.772 2.7696 3.70207
931.78 2.83592 3.97101
932.787 2.88099 4.24996
933.795 2.92591 4.60542
934.803 3.12207 5.08052
935.811 3.24927 5.73397
936.819 3.34751 6.56165
937.827 3.60395 7.79579
964.031 2.06922 2.0895
965.039 2.11617 2.14059
966.047 2.06085 2.10391
967.055 2.10395 2.12882
968.063 2.14073 2.18195
969.071 2.10493 2.09704
970.079 2.12085 2.10865
971.087 2.13609 2.167
972.094 2.15517 2.17846
973.102 2.18988 2.19734
974.11 2.15919 2.15688
975.118 2.10923 2.12275
976.126 2.14811 2.17128
977.134 2.16096 2.1651
978.142 2.1544 2.16978
979.15 2.17923 2.18139
980.157 2.10651 2.12336
981.165 2.11673 2.10545
982.173 2.13971 2.12001
983.181 2.13185 2.12079
984.189 2.14645 2.12354
985.197 2.13763 2.13457
986.205 2.07483 2.06057
987.213 2.09599 2.09139
988.22 2.10475 2.11076
989.228 2.10071 2.10462
990.236 2.13611 2.12153
991.244 2.09836 2.07747
992.252 2.08684 2.06684
993.26 2.13029 2.1032
994.268 2.1294 2.0969
995.276 2.14644 2.12333
996.283 2.1577 2.13309
997.291 2.12085 2.06301
998.299 2.14017 2.13088
999.307 2.17412 2.14485
1000.31 2.16613 2.14214
1001.32 2.18826 2.16781
1002.33 2.15376 2.13658
1003.34 2.12276 2.11318
1004.35 2.17626 2.17939
1005.35 2.18683 2.18002
1006.36 2.16584 2.20329
1007.37 2.17447 2.19897
1008.38 2.11407 2.14585
1009.39 2.1438 2.17187
1010.39 2.17895 2.21697
1011.4 2.17563 2.21002
1012.41 2.18213 2.21091
1023.5 2.08986 2.04179
1024.5 0.675584 0.190384
1025.51 2.57123 2.0218
1026.52 2.0795 1.90809
1027.53 1.21845 0.0488885
1033.57 2.06757 1.86178
1034.58 2.20982 2.12586
1035.59 2.13553 1.95815
1036.6 2.16024 2.02768
1037.61 2.27017 2.22116
1038.61 2.33217 2.32348
1039.62 2.33426 2.3178
1040.63 3.31832 3.89606
1041.64 5.49468 6.9492
1042.65 2.29049 2.29799
1043.65 2.34685 2.36772
1044.66 2.39168 2.38791
1045.67 2.3828 2.36778
1046.68 2.37153 2.3515
1047.69 2.31334 2.28877
1048.69 2.32622 2.32631
1049.7 2.38775 2.38193
1050.71 2.38769 2.36482
1051.72 2.36835 2.34715
1052.72 2.33922 2.32083
1053.73 2.2755 2.27431
1054.74 2.35234 2.35201
1055.75 2.40304 2.38285
1056.76 2.35123 2.35063
1057.76 2.32182 2.29335
1058.77 2.29147 2.26017
1059.78 2.29331 2.27941
1060.79 2.33809 2.28828
1063.81 2.23232 2.15123
1064.82 2.30301 2.24312
1065.83 2.38052 2.34547
1066.83 2.42508 2.38698
1067.84 5.23558 2.5321
1068.85 8.0842 2.54669
1069.86 2.36638 2.28449
1070.87 2.34371 2.28385
1071.87 2.40422 2.36006
1072.88 2.38689 2.31823
1073.89 2.31411 2.27426
1074.9 2.24356 2.18058
1075.91 2.21701 2.05904
1076.91 2.20968 2.05657
1077.92 2.15501 2.00894
1078.93 1.95928 1.78343
1079.94 1.65867 1.22917
1092.03 4.46818 4.07481
1093.04 4.64592 4.16941
1094.05 2.82077 2.7218
1095.06 2.64012 2.62241
1096.06 2.33507 2.29437
1097.07 2.3184 2.31956
1098.08 2.2881 2.26568
1099.09 2.29657 2.27024
1100.09 2.22565 2.2038
1101.1 2.18677 2.17144
1102.11 2.17227 2.17622
1103.12 2.11232 2.16725
1104.13 2.06611 2.21281
1105.13 2.19709 2.16974
1106.14 2.11828 2.09978
1107.15 2.08998 2.08584
1108.16 2.09411 2.08031
1109.17 2.09872 2.08369
1110.17 2.11918 2.1077
1111.18 2.05684 2.0537
1112.19 2.00052 1.98435
1113.2 2.00042 1.99006
1114.2 2.0215 1.9923
1115.21 2.0084 2.00225
1116.22 2.0128 1.98332
1117.23 1.93842 1.91919
1118.24 1.91336 1.90644
1119.24 1.92596 1.90335
1120.25 0.327683 0.796916
1122.27 1.92924 1.88763
1123.28 1.84929 1.83371
1124.28 1.8709 1.85299
1125.29 1.90168 1.8803
1126.3 1.93168 1.87009
1127.31 1.93437 1.88395
1128.31 1.84379 1.80398
1129.32 1.82905 1.77574
1130.33 1.84472 1.81857
1131.34 1.87803 1.78954
1132.35 1.89298 1.81552
1133.35 1.8744 1.82015
1134.36 1.7605 1.74258
1135.37 1.76658 1.72787
1136.38 1.83295 1.80169
1137.39 1.82653 1.80236
1138.39 1.81119 1.77898
1139.4 1.77647 1.73694
1140.41 1.75479 1.72079
1141.42 1.81227 1.75158
1295.62 1.84809 1.8457
1296.63 1.83327 1.84811
1297.64 1.8532 1.84807
1298.65 1.8506 1.85076
1299.65 1.83054 1.84143
1300.66 1.86212 1.85871
1301.67 1.86067 1.86579
1302.68 1.86837 1.85857
1303.69 1.86267 1.87566
1304.69 1.84109 1.85999
1305.7 1.83084 1.8411
1306.71 1.88152 1.8778
1307.72 1.90446 1.88045
1308.72 1.89649 1.86049
1309.73 1.89929 1.88347
1310.74 1.87908 1.86019
1311.75 1.89757 1.87072
1312.76 1.92848 1.90234
1313.76 1.90762 1.91232
1314.77 1.92366 1.92492
1315.78 1.94323 1.90081
1316.79 1.89202 1.89431
1317.8 1.92378 1.92841
1318.8 1.93306 1.94962
1319.81 1.94945 1.95725
1320.82 1.96757 1.95489
1321.83 1.94063 1.91325
1322.83 1.94015 1.94235
1323.84 1.97211 1.9953
1324.85 1.98703 1.98664
1325.86 1.98965 1.97816
1326.87 1.94696 1.97406
1327.87 1.95208 1.9305
1328.88 1.97661 1.97189
1329.89 2.01075 2.0083
1330.9 2.00057 1.98324
1331.91 1.96648 1.97277
1332.91 1.94134 1.94285
1333.92 1.93723 1.92895
1334.93 1.96641 1.9816
1335.94 2.00676 1.97968
1336.94 1.96216 1.94153
1337.95 1.90139 1.90896
1338.96 1.90149 1.89713
1339.97 1.93762 1.93142
1340.98 1.96183 1.94822
1341.98 1.94584 1.91869
1342.99 1.92203 1.90365
1344 1.90505 1.89498
1344 1.89891 1.90842
1345.01 1.95098 1.93202
1346.02 1.9515 1.92735
1347.02 1.93366 1.89779
1348.03 1.89809 1.88148
1349.04 1.89593 1.89955
1350.05 1.91688 1.88773
1351.06 1.94721 1.92274
1352.06 1.91757 1.90839
1353.07 1.89008 1.86613
1354.08 1.87909 1.8562
1355.09 1.86944 1.85173
1356.09 1.91975 1.89054
1357.1 1.90897 1.88349
1358.11 1.85889 1.84715
1359.12 1.84093 1.82026
1360.13 1.85562 1.82793
1361.13 1.86563 1.82936
1362.14 1.87711 1.85097
1363.15 1.84043 1.80734
1364.16 1.80785 1.76925
1375.24 1.67496 1.63307
1376.25 1.63899 1.62968
1377.26 1.65514 1.64473
1378.27 1.695 1.65929
1379.28 1.68867 1.63892
1380.28 1.64332 1.5997
1381.29 1.60107 1.58116
1382.3 1.6241 1.61605
1383.31 1.64698 1.62734
1384.31 1.663 1.62187
1385.32 1.61788 1.61616
1386.33 1.60797 1.55755
1387.34 1.60186 1.56777
1388.35 1.62896 1.61345
1389.35 1.6242 1.60608
1390.36 1.63413 1.5987
1391.37 1.58877 1.55864
1392.38 1.57955 1.55538
1393.39 1.60003 1.58317
1394.39 1.60954 1.59925
1395.4 1.60143 1.58261
1396.41 1.59338 1.56729
1397.42 1.54565 1.52601
1398.43 1.56727 1.53674
1399.43 1.57894 1.56158
1400.44 1.58083 1.55914
1401.45 1.56052 1.54916
1402.46 1.53166 1.50849
1403.46 1.50689 1.50682
1404.47 1.55649 1.53755
1405.48 1.55411 1.54519
1406.49 1.54336 1.5267
1407.5 1.53001 1.50934
1408.5 1.49764 1.48589
1409.51 1.51365 1.50093
1410.52 1.53435 1.53294
1411.53 1.53828 1.53286
1412.54 1.53453 1.51908
1413.54 1.51021 1.50171
1414.55 1.49972 1.50785
1415.56 1.55094 1.55118
1416.57 1.56083 1.55403
1417.57 1.56097 1.5536
1418.58 1.55385 1.54698
1419.59 1.54242 1.53399
1420.6 1.56213 1.56989
1421.61 1.60965 1.60995
1422.61 1.61078 1.60399
1423.62 1.60718 1.60877
1424.63 1.60353 1.6154
1425.64 1.58981 1.6074
1426.65 1.64344 1.64249
1427.65 1.65351 1.65896
1428.66 1.65182 1.64912
1429.67 1.64802 1.64812
1430.68 1.63918 1.65461
1431.69 1.65005 1.65454
1432.69 1.69026 1.68736
1433.7 1.69133 1.68413
1434.71 1.66803 1.67269
1435.72 1.66825 1.68035
1436.72 1.65838 1.66515
1437.73 1.68722 1.70007
1438.74 1.7123 1.71248
1439.75 1.69938 1.69372
1440.76 1.68922 1.68971
1441.76 1.69505 1.68238
1442.77 1.69396 1.68413
1443.78 1.7376 1.72446
1444.79 1.7274 1.72171
1445.8 1.71885 1.70593
1446.8 1.72311 1.72301
1447.81 1.72062 1.72042
1448.82 1.74924 1.73998
1449.83 1.77534 1.7659
1450.83 1.77025 1.76362
1451.84 1.76721 1.76055
1452.85 1.77907 1.76302
1453.86 1.78158 1.78168
1454.87 1.81388 1.80787
1455.87 1.83101 1.82562
1456.88 1.82696 1.81636
1457.89 1.82395 1.82379
1458.9 1.84663 1.83358
1459.91 1.85973 1.8558
1460.91 1.88038 1.89104
1461.92 1.88299 1.87822
1462.93 1.88216 1.86524
1463.94 1.88777 1.87577
1464.94 1.89312 1.88871
1465.95 1.91099 1.90512
1466.96 1.92507 1.92363
1467.97 1.91427 1.91356
1468.98 1.90894 1.90445
1469.98 1.91897 1.90784
1470.99 1.92361 1.91601
1472 1.86832 1.85763
1472 1.93669 1.92532
1473.01 1.86393 1.87344
1474.02 1.90066 1.88616
1475.02 1.91383 1.90522
1476.03 1.91888 1.91338
1477.04 1.92814 1.92132
1478.05 1.92644 1.91367
1479.06 1.91402 1.89467
1480.06 1.92333 1.90949
1481.07 1.91889 1.90562
1482.08 1.92738 1.92174
1483.09 1.9182 1.91264
1484.09 1.91466 1.90012
1485.1 1.9142 1.90826
1486.11 1.91081 1.89566
1487.12 1.90727 1.90379
1488.13 1.92107 1.90579
1489.13 1.91221 1.8952
1490.14 1.90591 1.8811
1491.15 1.89968 1.8822
1492.16 1.89509 1.882
1493.17 1.90027 1.87762
1494.17 1.89897 1.87727
1495.18 1.88584 1.8469
1496.19 1.87295 1.83847
1497.2 1.87309 1.84631
1498.2 1.86904 1.83363
1499.21 1.8739 1.8463
1500.22 1.84634 1.81719
1501.23 1.83571 1.7963
1502.24 1.81897 1.77892
1503.24 1.83569 1.78676
1504.25 1.83882 1.80003
1505.26 1.80952 1.78336
1506.27 1.79325 1.75072
1507.28 1.79174 1.74422
1508.28 1.77179 1.7415
1509.29 1.77547 1.75498
1510.3 1.77855 1.74737
1612.09 1.69763 1.68152
1613.1 1.70237 1.6849
1614.11 1.69739 1.67299
1615.12 1.67369 1.64397
1616.13 1.66812 1.65018
1617.13 1.65592 1.65181
1618.14 1.7086 1.76666
1622.17 1.55084 1.44894
1623.18 1.56855 1.52263
1627.21 1.57014 1.55418
1628.22 1.57725 1.55751
1629.23 1.57437 1.55716
1663.5 1.31372 1.3022
1664.5 1.31814 1.2989
1665.51 1.31701 1.2967
1666.52 1.31852 1.31802
1667.53 1.32427 1.31637
1668.54 1.31305 1.31688
1669.54 1.3286 1.31801
1670.55 1.3387 1.33592
1671.56 1.32731 1.33493
1672.57 1.3494 1.33863
1673.57 1.34775 1.34475
1674.58 1.34797 1.3404
1675.59 1.36738 1.36257
1676.6 1.36968 1.3611
1677.61 1.37809 1.36885
1678.61 1.3857 1.37513
1679.62 1.38543 1.39093
1680.63 1.40134 1.38862
1681.64 1.40555 1.4073
1682.65 1.41149 1.40054
1683.65 1.4235 1.42686
1684.66 1.43017 1.42169
1685.67 1.44293 1.43683
1686.68 1.44388 1.45221
1694.74 1.50564 1.51687
1695.75 1.51 1.5199
1696.76 1.52714 1.52539
1697.76 1.53282 1.5281
1698.77 1.54129 1.55035
1699.78 1.54902 1.55533
1700.79 1.56412 1.57322
1701.8 1.56536 1.5831
1702.8 1.57968 1.5938
1703.81 1.6025 1.60839
1704.82 1.6082 1.61555
1705.83 1.61518 1.6235
1706.83 1.62653 1.64058
1707.84 1.6368 1.64317
1708.85 1.64611 1.65597
1709.86 1.66048 1.66932
1710.87 1.66238 1.68633
1712.88 1.64726 1.68033
1713.89 1.68414 1.61889
1714.9 1.69301 1.70846
1715.91 1.70341 1.73919
1716.91 1.69559 1.68685
1717.92 1.71487 1.70821
1718.93 1.64424 1.61044
1719.94 1.71722 1.7218
1720.94 1.72416 1.72743
1721.95 1.70534 1.70826
1722.96 1.70426 1.70037
1723.97 1.71774 1.72273
1724.98 1.72187 1.72836
1725.98 1.73737 1.72542
1726.99 1.72742 1.75429
1728 1.69036 1.64204
1736.06 1.66526 1.66934
1737.07 1.65394 1.65139
1738.08 1.64612 1.63944
1739.09 1.65627 1.6475
1750.17 1.57093 1.54411
1751.18 1.5642 1.54279
1752.19 1.53701 1.52245
1779.4 1.24777 1.22926
1780.41 1.22677 1.19965
1781.42 1.22234 1.19568
1782.43 1.22021 1.18767
1783.43 1.21602 1.18724
1784.44 1.20746 1.1837
1785.45 1.19133 1.16036
1786.46 1.17398 1.15626
1787.46 1.17474 1.14797
1788.47 1.17701 1.15671
1789.48 1.17107 1.1527
1790.49 1.16536 1.14477
1791.5 1.14881 1.11929
1792.5 1.14529 1.12501
1793.51 1.14244 1.13076
1794.52 1.16071 1.13788
1795.53 1.15378 1.13619
1796.54 1.14791 1.12183
1797.54 1.13777 1.12672
1798.55 1.14439 1.14357
1799.56 1.154 1.15316
1800.57 1.1638 1.15624
1835.84 1.28865 1.33158
1836.85 1.29833 1.32482
1837.86 1.32027 1.3413
1838.87 1.31034 1.34409
1868.09 1.3248 1.33054
1869.1 1.32598 1.32453
1870.11 1.32649 1.32399
1871.12 1.32281 1.31849
1872.13 1.33087 1.30468
1873.13 1.31531 1.30084
1874.14 1.31966 1.30991
1875.15 1.31928 1.30764
1876.16 1.31695 1.29726
1877.17 1.30755 1.29222
1878.17 1.30473 1.28988
1879.18 1.29659 1.29425
1880.19 1.30006 1.2976
1882.2 1.30686 1.2635
1884.22 1.22855 1.31826
1886.24 1.27468 1.25207
1887.24 1.31509 1.23838
1890.27 1.13913 1.1336
1891.28 1.17769 1.17655
1892.28 1.03935 1.14075
1893.29 1.18931 1.13996
1894.3 1.16103 1.13758
1895.31 1.18352 1.191
1896.31 1.2122 1.18136
1898.33 1.19097 1.15398
1899.34 1.1544 1.14255
1900.35 1.14182 1.14085
1901.35 1.15194 1.12925
1902.36 1.14419 1.13158
1903.37 1.13584 1.12745
1904.38 1.14289 1.12936
1905.39 1.13915 1.11335
1906.39 1.12162 1.12055
1907.4 1.13625 1.1124
1908.41 1.12554 1.10977
1909.42 1.11906 1.1077
1910.43 1.1077 1.10278
1911.43 1.1114 1.08949
1912.44 1.11007 1.10209
1913.45 1.10975 1.10291
1914.46 1.11167 1.09864
1915.46 1.11012 1.09111
1916.47 1.09545 1.08716
1917.48 1.09805 1.07947
1918.49 1.09384 1.08362
1919.5 1.09131 1.08336
1920.5 1.09674 1.07188
1921.51 1.09057 1.07785
1922.52 1.08288 1.07391
1923.53 1.09931 1.07987
1924.54 1.10195 1.08783
1925.54 1.09189 1.08656
1926.55 1.10422 1.08381
1927.56 1.10235 1.07974
1928.57 1.08682 1.08854
1929.57 1.10751 1.11483
1930.58 1.11053 1.11274
1931.59 1.11787 1.12082
1932.6 1.12304 1.13383
1933.61 1.12591 1.13398
1934.61 1.14252 1.14735
1935.62 1.15614 1.16033
1936.63 1.16376 1.16715
1937.64 1.17506 1.18035
1938.65 1.17948 1.18999
1939.65 1.17671 1.18603
1940.66 1.19337 1.20823
1941.67 1.20925 1.22565
1942.68 1.21906 1.22025
1943.69 1.22534 1.24051
1944.69 1.22773 1.22795
1945.7 1.22632 1.24185
1946.71 1.23824 1.26519
1947.72 1.24124 1.25741
1948.72 1.24444 1.26241
1949.73 1.24487 1.2706
1950.74 1.24715 1.27299
1951.75 1.25024 1.27655
1952.76 1.2673 1.28275
1953.76 1.26587 1.28646
1954.77 1.26791 1.28516
1955.78 1.2703 1.28634
1956.79 1.26607 1.29663
1957.8 1.28003 1.31524
1958.8 1.27475 1.3059
1959.81 1.28931 1.31442
1960.82 1.28072 1.31949
1961.83 1.29243 1.30902
1962.83 1.2938 1.32742
1963.84 1.31483 1.33611
1964.85 1.30535 1.32945
1965.86 1.31875 1.33623
1966.87 1.3164 1.33646
1967.87 1.31716 1.34252
1968.88 1.33044 1.35314
1969.89 1.33352 1.36033
1970.9 1.33358 1.363
1971.91 1.33684 1.37507
1972.91 1.34893 1.37737
1973.92 1.3568 1.3837
1974.93 1.49455 1.43326
1986.02 1.27051 1.18545
1987.02 1.21191 0.928927
1988.03 1.33276 1.40303
1989.04 1.34584 1.43033
1990.05 1.28975 1.3215
1991.06 1.28056 1.31921
1992.06 1.26033 1.26719
1993.07 1.25707 1.25975
1994.08 1.24088 1.25926
1995.09 1.2484 1.25549
1996.09 1.248 1.2569
1997.1 1.23488 1.23882
1998.11 1.22171 1.23467
1999.12 1.22012 1.223
2000.13 1.20821 1.2206
2001.13 1.21301 1.21841
2002.14 1.22195 1.22538
2003.15 1.19779 1.19372
2004.16 1.19654 1.19511
2005.17 1.1929 1.19425
2006.17 1.20371 1.19157
2007.18 1.20245 1.19593
2008.19 1.20134 1.19426
2009.2 1.18031 1.1683
2010.2 1.19011 1.17256
2011.21 1.18771 1.161
2012.22 1.18819 1.16783
2013.23 1.18242 1.16066
2014.24 1.16898 1.14898
2015.24 1.15489 1.12851
2016.25 1.15266 1.1259
2017.26 1.14918 1.12727
2018.27 1.14723 1.12817
2019.28 1.13618 1.12486
2020.28 1.11757 1.07909
2021.29 1.10954 1.09131
2022.3 1.10515 1.08201
2043.46 0.976883 0.960509
2045.48 0.990853 0.975204
2046.49 0.983657 0.959169
2047.5 0.970799 0.957922
2048.5 0.957618 0.943717
2049.51 0.978669 0.961541
2050.52 0.981249 0.969411
2051.53 0.972571 0.960331
2052.54 0.973491 0.963028
2053.54 0.959957 0.949547
2054.55 0.959763 0.961378
2055.56 0.985492 0.968492
2056.57 0.979182 0.981443
2057.57 0.980734 0.978414
2058.58 0.97692 0.971465
2059.59 0.969465 0.970001
2060.6 0.987805 0.982111
2061.61 1.00077 1.00479
2062.61 1.00193 1.0028
2063.62 1.00302 0.998105
2064.63 0.999018 1.0042
2065.64 1.00614 1.00989
2066.65 1.03474 1.03902
2067.65 1.04115 1.03424
2068.66 1.0479 1.04225
2069.67 1.03911 1.04317
2070.68 1.05251 1.04951
2071.69 1.06032 1.0777
2072.69 1.09218 1.09131
2073.7 1.07568 1.09238
2074.71 1.08329 1.09192
2075.72 1.08917 1.09192
2076.72 1.09686 1.10477
2077.73 1.1257 1.12697
2078.74 1.1209 1.1375
2079.75 1.12235 1.13556
2080.76 1.13267 1.13679
2081.76 1.14532 1.14499
2082.77 1.15192 1.15449
2083.78 1.16993 1.17906
2084.79 1.16166 1.16814
2085.8 1.16369 1.16493
2086.8 1.16938 1.18083
2087.81 1.17448 1.18528
2088.82 1.20051 1.19497
2089.83 1.20915 1.20469
2090.83 1.20804 1.19229
2091.84 1.20514 1.19778
2092.85 1.21761 1.21207
2093.86 1.22671 1.22194
2094.87 1.2506 1.24777
2095.87 1.24793 1.22967
2096.88 1.23919 1.22592
2097.89 1.25087 1.24339
2098.9 1.25974 1.25306
2099.91 1.26989 1.26795
2100.91 1.29307 1.2837
2101.92 1.28204 1.27452
2102.93 1.27744 1.27517
2103.94 1.29577 1.28787
2104.94 1.3049 1.29871
2105.95 1.32086 1.31305
2106.96 1.31626 1.3046
2107.97 1.31123 1.31099
2108.98 1.31622 1.31855
2109.98 1.33649 1.35264
2120.06 1.28373 1.28317
2121.07 1.27146 1.27078
2122.08 1.2665 1.26461
2123.09 1.24569 1.23503
2124.09 1.24509 1.23535
2125.1 1.24894 1.23893
2126.11 1.26558 1.24882
2127.12 1.26124 1.23925
2128.13 1.24936 1.23108
2129.13 1.23264 1.2114
2130.14 1.23501 1.21687
2131.15 1.24682 1.22131
2132.16 1.24359 1.22021
2133.17 1.24233 1.21333
2134.17 1.22068 1.20599
2135.18 1.21617 1.19896
2156.35 1.07527 1.04543
2157.35 1.06058 1.02898
2158.36 1.06692 1.03671
2159.37 1.06458 1.03621
2160.38 1.05763 1.03026
2161.39 1.04738 1.01847
2162.39 1.04529 1.01011
2163.4 1.03366 1.00829
2164.41 1.04684 1.02072
2165.42 1.19957 1.40037
2166.43 0.953759 0.843948
2167.43 0.976918 0.815386
2168.44 1.06521 1.22286
2169.45 1.0697 1.08774
2170.46 1.04854 1.01996
2171.46 1.03716 1.0278
2172.47 1.04556 1.01099
2173.48 1.04267 1.01634
2174.49 1.04171 1.02592
2175.5 1.06082 1.03692
2176.5 1.05457 1.03692
2177.51 1.05121 1.03397
2178.52 1.05832 1.03893
2179.53 1.06653 1.04065
2180.54 1.06708 1.05305
2181.54 1.0709 1.05385
2182.55 1.06802 1.05835
2183.56 1.0715 1.05826
2184.57 1.07357 1.05846
2185.57 1.07761 1.06267
2186.58 1.08794 1.08165
2187.59 1.08465 1.067
2188.6 1.09022 1.08257
2189.61 1.08075 1.0759
2190.61 1.08578 1.08751
2191.62 1.09102 1.08918
2192.63 1.10095 1.1082
2193.64 1.09429 1.10197
2194.65 1.1064 1.11891
2195.65 1.11772 1.11404
2196.66 1.11432 1.1189
2197.67 1.1324 1.13841
2198.68 1.13622 1.14916
2199.69 1.14876 1.15002
2200.69 1.15016 1.16107
2201.7 1.15419 1.16463
2202.71 1.15943 1.16938
2203.72 1.19068 1.19251
2204.72 1.1852 1.19281
2205.73 1.19892 1.19951
2206.74 1.20923 1.21416
2207.75 1.21752 1.21165
2208.76 1.24028 1.23609
2209.76 1.24353 1.25244
2210.77 1.25571 1.252
2211.78 1.25951 1.258
2212.79 1.262 1.26234
2213.8 1.28204 1.26505
2214.8 1.30127 1.28959
2215.81 1.29712 1.29015
2216.82 1.31053 1.29873
2217.83 1.3055 1.30036
2218.83 1.31751 1.28949
2219.84 1.31712 1.29592
2220.85 1.34419 1.32939
2221.86 1.33535 1.32431
2222.87 1.33831 1.32732
2223.87 1.33537 1.32842
2224.88 1.33611 1.34179
2225.89 1.36212 1.34751
2226.9 1.36412 1.34627
2227.91 1.35551 1.34483
2228.91 1.35834 1.34281
2229.92 1.35212 1.34526
2230.93 1.35417 1.34612
2231.94 1.37385 1.35985
2232.94 1.35831 1.34267
2233.95 1.35193 1.34141
2234.96 1.35515 1.33342
2235.97 1.34202 1.33534
2236.98 1.34685 1.33986
2237.98 1.35966 1.36339
2240 0.846308 0.827234
2241.01 1.07161 1.08955
2242.02 1.12666 1.1841
2243.02 1.15589 1.18306
2244.03 1.21628 1.20216
2245.04 1.28539 1.26668
2246.05 1.29736 1.27743
2247.06 1.29115 1.26661
2248.06 1.28949 1.26998
2249.07 1.25673 1.23095
2250.08 1.25772 1.22522
2251.09 1.25175 1.22154
2252.09 1.24407 1.21204
2253.1 1.24446 1.21198
2254.11 1.22681 1.19875
2255.12 1.20995 1.1753
2256.13 1.19835 1.16869
2257.13 1.20105 1.16848
2272.25 1.07806 1.03707
2273.26 1.07873 1.03492
2274.27 1.07728 1.04029
2275.28 1.06891 1.03309
2286.36 0.988534 0.953234
2287.37 0.982035 0.941439
2288.38 0.952936 0.914676
2289.39 0.968938 0.930909
2290.39 0.971774 0.929234
2291.4 0.971456 0.936434
2292.41 0.963242 0.929555
2293.42 0.950384 0.913967
2294.43 0.939222 0.905839
2295.43 0.958332 0.922231
2296.44 0.96494 0.924343
2297.45 0.95942 0.924686
2298.46 0.953945 0.917111
2299.46 0.936671 0.905531
2300.47 0.94212 0.914631
2301.48 0.961924 0.932919
2302.49 0.970634 0.942357
2303.5 1.14041 1.10697
2304.5 0.988352 0.94539
2305.51 0.972689 0.934425
2306.52 1.04632 1.02343
2307.53 1.06487 1.06572
2308.54 1.03344 1.00611
2309.54 1.02806 0.993019
2310.55 1.02762 0.998747
2311.56 0.940904 0.936562
2312.57 0.947217 0.956959
2313.57 1.05176 1.03179
2314.58 1.04708 1.00525
2315.59 1.04752 1.04438
2316.6 1.04918 1.04531
2317.61 1.06521 1.05513
2318.61 1.09284 1.07389
2319.62 1.08479 1.06878
2320.63 1.10374 1.08928
2321.64 1.04761 1.0236
2322.65 1.06889 1.03131
2323.65 1.95481 1.67143
2335.75 0.325902 0.371195
2336.76 0.6518 0.64039
2337.76 0.818319 0.704927
2338.77 0.812196 0.647859
2339.78 0.919052 0.809668
2340.79 1.0567 1.08309
2341.8 1.17192 1.14689
2342.8 1.21201 1.2023
2347.84 0.723325 0.581056
2348.85 0.723282 0.424325
2357.92 0.803293 0.270831
2358.93 0.892061 0.774797
2359.94 0.975254 0.932835
2360.94 1.16482 1.0855
2361.95 1.29717 1.28319
2381.1 1.2943 1.20249
2382.11 1.28266 1.20714
2383.12 1.2953 1.20484
2384.13 1.27529 1.18949
2385.13 1.27525 1.19002
2386.14 1.24932 1.15217
2387.15 1.25287 1.1671
2388.16 1.25539 1.17258
2389.17 1.24826 1.15948
2390.17 1.24191 1.15241
2391.18 1.22052 1.13361
2392.19 1.21054 1.12033
2393.2 1.21661 1.13607
2394.2 1.21502 1.13385
2395.21 1.21085 1.11921
2396.22 1.20443 1.1161
2397.23 1.17798 1.08882
2398.24 1.17939 1.09217
2399.24 1.18436 1.09159
2400.25 1.18173 1.08485
2401.26 1.17086 1.07555
2402.27 1.14444 1.06225
2403.28 1.14038 1.04646
2404.28 1.15417 1.06288
2405.29 1.198 1.05839
2406.3 1.28113 1.05024
2407.31 1.54207 1.11412
2408.31 1.65501 1.20028
2409.32 1.3656 1.26545
2410.33 1.8484 1.10206
2416.38 1.86572 1.14961
2417.39 1.60843 1.03443
2418.39 1.43554 1.14637
2419.4 1.40911 1.03194
2420.41 1.76113 0.91122
2421.42 1.56469 0.993911
2422.43 1.03126 1.32033
2423.43 0.236158 1.30058
2424.44 0.329308 0.971693
2425.45 0.387524 0.850565
2426.46 0.755431 0.957563
2427.46 0.49758 1.10663
2430.49 0.245234 0.780282
2431.5 0.628577 0.90567
2432.5 0.606152 1.05338
2435.53 0.535095 0.870176
2436.54 0.923945 0.825557
2437.54 0.88413 0.820192
2438.55 0.7956 0.821713
2439.56 0.574342 1.01298
2440.57 0.452655 1.04134
2441.57 0.574184 0.80267
2442.58 0.903412 0.793685
2443.59 0.906399 0.657749
2444.6 0.67596 0.723725
2445.61 0.688978 0.918224
2446.61 0.805464 0.958112
2447.62 0.984405 0.899744
2448.63 1.17866 0.870429
2449.64 1.08571 0.883573
2450.65 0.885783 0.901019
2451.65 0.922996 0.986716
2452.66 1.06358 1.04669
2453.67 1.03424 0.996888
2454.68 1.1193 0.968186
2455.69 1.11934 1.00274
2456.69 1.098 1.02423
2457.7 1.08154 1.10156
2458.71 1.09715 1.07702
2459.72 1.0859 0.995096
2460.72 1.10337 0.96612
2461.73 1.06907 0.876728
2462.74 0.989354 0.875742
2463.75 0.969058 1.06964
2464.76 1.07499 1.07057
2465.76 1.17901 1.00371
2466.77 1.29845 0.962274
2467.78 1.18178 0.962659
2468.79 1.08554 1.05147
2469.8 1.08389 1.13954
2470.8 1.36479 0.91222
2471.81 1.55188 0.567071
2472.82 1.19057 0.440665
2473.83 0.890945 0.463139
2474.83 0.869802 1.01497
2475.84 0.950699 1.0828
2476.85 1.14469 1.10252
2477.86 1.24474 1.17029
2478.87 1.23732 1.1427
2479.87 1.21093 1.16113
2480.88 1.21384 1.16636
2481.89 1.24067 1.17342
2507.09 1.11075 1.04154
2508.09 1.11776 1.04442
2509.1 1.12052 1.0434
2510.11 1.12054 1.03265
2511.12 1.10889 1.03096
2512.13 1.07592 0.996163
2513.13 1.08864 1.00532
2514.14 1.09108 1.00425
2515.15 1.0884 0.994076
2516.16 1.08879 0.995196
2517.17 1.07056 0.9722
2518.17 1.05168 0.965447
2519.18 1.05223 0.970853
2520.19 1.05905 0.963158
2521.2 1.04656 0.964956
2522.2 1.04754 0.959334
2523.21 1.01502 0.929407
2524.22 1.02473 0.929526
2525.23 1.02358 0.933871
2526.24 1.02121 0.933058
2527.24 1.01947 0.92436
2528.25 0.992224 0.908461
2529.26 0.971892 0.899889
2530.27 0.992896 0.914571
2531.28 0.977731 0.903144
2532.28 0.981325 0.890338
2533.29 0.971408 0.888253
2534.3 0.946602 0.860969
2535.31 0.948385 0.864447
2536.31 0.947981 0.875125
2537.32 0.940654 0.864393
2538.33 0.929886 0.854006
2539.34 0.9193 0.845364
2540.35 0.898337 0.825404
2541.35 0.916387 0.842868
2542.36 0.9078 0.844521
2543.37 0.892496 0.837905
2544.38 0.907308 0.831465
2545.39 0.880804 0.815981
2546.39 0.876882 0.812872
2547.4 0.897903 0.834053
2548.41 0.884773 0.828341
2549.42 0.88363 0.820008
2550.43 0.890325 0.822366
2551.43 0.873115 0.815721
2552.44 0.893272 0.840393
2553.45 0.911583 0.842328
2554.46 0.90598 0.840663
2555.46 0.89446 0.83351
2556.47 0.897239 0.83973
2557.48 0.902385 0.85133
2558.49 0.940446 0.873931
2559.5 0.921544 0.873628
2560.5 0.920578 0.864151
2561.51 0.930986 0.869055
2562.52 0.928386 0.863703
2563.53 0.952048 0.887514
2564.54 0.957567 0.901554
2565.54 0.945489 0.892787
2566.55 0.95333 0.893244
2567.56 0.950601 0.901337
2568.57 0.956193 0.910051
2569.57 0.985265 0.935175
2570.58 0.971758 0.917706
2571.59 0.971153 0.916785
2572.6 0.975155 0.918954
2573.61 0.971147 0.923583
2574.61 0.990987 0.945997
2575.62 1.00797 0.955314
2576.63 0.992143 0.940396
2577.64 0.987491 0.946002
2578.65 0.997427 0.959947
2579.65 1.00601 0.962388
2580.66 1.03152 0.988839
2581.67 1.02265 0.977623
2582.68 1.01066 0.968861
2583.69 1.02575 0.978231
2584.69 1.03334 0.987979
2585.7 1.04088 1.0071
2586.71 1.05882 1.02355
2587.72 1.04221 0.98877
2588.72 1.0488 0.993815
2589.73 1.05361 1.02275
2590.74 1.06137 1.01675
2591.75 1.08056 1.03981
2592.76 1.08259 1.04194
2593.76 1.06376 1.026
2594.77 1.0799 1.04523
2595.78 1.09167 1.05515
2596.79 1.09313 1.06387
2597.8 1.11257 1.06502
2598.8 1.09536 1.04767
2599.81 1.10324 1.05586
2600.82 1.11257 1.06702
2601.83 1.11699 1.06563
2602.83 1.12888 1.08027
2603.84 1.13851 1.07378
2604.85 1.11895 1.05773
2605.86 1.13146 1.06764
2606.87 1.13913 1.07879
2607.87 1.13455 1.06972
2608.88 1.14895 1.0879
2609.89 1.13696 1.06931
2610.9 1.12377 1.06662
2611.91 1.13581 1.08345
2612.91 1.14297 1.08164
2613.92 1.14068 1.06787
2614.93 1.14178 1.09375
2615.94 1.12109 1.05586
2616.94 1.12873 1.07951
2617.95 1.1354 1.0829
2618.96 1.12894 1.06936
2619.97 1.14573 1.08345
2620.98 1.14525 1.07636
2621.98 1.13663 1.07019
2622.99 1.16165 1.09011
2624 1.1581 1.09486
2624 1.0499 1.00807
2625.01 1.08607 1.03321
2626.02 1.08656 1.03179
2627.02 1.10649 1.04029
2628.03 1.11506 1.05134
2629.04 1.11608 1.05034
2630.05 1.12654 1.04835
2631.06 1.1233 1.05603
2632.06 1.09802 1.03934
2633.07 1.1078 1.04491
2634.08 1.11091 1.03998
2635.09 1.09749 1.01741
2636.09 1.10036 1.02656
2637.1 1.0868 1.02268
2638.11 1.08134 1.00638
2639.12 1.10117 1.0173
2640.13 1.08962 1.00778
2641.13 1.07988 0.998048
2642.14 1.08186 1.00972
2643.15 1.05816 0.993006
2644.16 1.06643 0.989963
2645.17 1.07188 0.991406
2646.17 1.06076 0.974386
2647.18 1.05785 0.981369
2648.19 1.05692 0.976858
2649.2 1.04484 0.964314
2650.2 1.05836 0.984414
2651.21 1.03661 0.974115
2652.22 1.04102 0.956642
2653.23 1.03437 0.97231
2654.24 1.03098 0.946905
2655.24 1.02327 0.957924
2656.25 1.04163 0.965043
2657.26 1.01961 0.95365
2658.27 1.02044 0.946503
2659.28 1.02445 0.949857
2660.28 1.00365 0.933285
2661.29 1.01635 0.949231
2662.3 1.00687 0.942666
2663.31 1.00117 0.931608
2664.31 1.01081 0.939753
2665.32 0.995466 0.923859
2666.33 0.988999 0.915973
2667.34 1.01314 0.934898
2668.35 0.997391 0.927373
2669.35 0.99155 0.913607
2670.36 0.998848 0.931268
2671.37 1.1662 1.0967
2672.38 0.404318 0.462062
2673.39 0.597287 0.562674
2674.39 0.678424 0.648714
2675.4 0.766513 0.740235
2676.41 0.850461 0.806663
2677.42 0.840745 0.809287
2678.43 0.88903 0.869282
2679.43 0.494559 0.512152
2680.44 0.394896 0.4279
2681.45 0.911774 0.857357
2682.46 0.911455 0.863989
2683.46 0.928123 0.869627
2684.47 0.938395 0.864716
2685.48 0.939903 0.861989
2686.49 0.945564 0.880037
2687.5 0.958783 0.895327
2688.5 0.964045 0.894161
2689.51 1.01685 0.970135
2690.52 1.01325 0.961937
2691.53 1.00418 0.965154
2692.54 1.01349 0.970194
2693.54 1.00876 0.956844
2694.55 1.01432 0.970799
2695.56 1.05985 0.996769
2696.57 1.02096 0.976727
2697.57 1.01516 0.975743
2698.58 1.0248 0.986781
2699.59 1.01818 0.98122
2700.6 1.04459 0.996963
2701.61 1.05535 0.998794
2702.61 1.03378 0.991756
2703.62 1.03629 0.996818
2704.63 1.03852 1.00416
2705.64 1.0413 1.0013
2706.65 1.07454 1.02737
2707.65 1.04764 1.00426
2708.66 1.03988 1.00047
2709.67 1.05878 1.01102
2710.68 1.03124 1.00484
2711.69 1.06204 1.02163
2712.69 1.07293 1.03423
2713.7 1.05732 1.01012
2714.71 1.04989 1.0119
2715.72 1.06135 1.03034
2716.72 1.062 1.0181
2717.73 1.07806 1.04499
2718.74 1.06676 1.0233
2719.75 1.062 1.01459
2720.76 1.0657 1.02629
2721.76 1.06986 1.02268
2722.77 1.07149 1.03357
2723.78 1.08213 1.04228
2724.79 1.05869 1.01168
2725.8 1.06027 1.02402
2726.8 1.06325 1.02034
2727.81 1.05372 1.02193
2728.82 1.06585 1.04032
2729.83 1.07049 1.01888
2730.83 1.02713 0.993383
2731.84 1.04696 1.00678
2732.85 1.04172 0.993126
2733.86 1.0323 0.999006
2734.87 1.05385 1.01706
2735.87 1.01297 0.973552
2736.88 1.01615 0.977886
2737.89 1.02308 0.981154
2738.9 1.01155 0.976411
2739.91 1.02524 0.980376
2740.91 1.011 0.966212
2741.92 0.993718 0.945842
2742.93 1.00121 0.955714
2743.94 0.998573 0.965973
2744.94 1.00276 0.960952
2745.95 1.00491 0.961156
2746.96 0.993389 0.937984
2747.97 0.997319 0.949182
2748.98 1.01453 0.965838
2749.98 1.01732 0.968651
2750.99 1.02639 0.984902
2752 0.990948 0.872459
2752 1.04245 1.10201
2753.01 0.992563 0.955801
2754.02 0.995112 0.95232
2755.02 0.975895 0.931887
2756.03 0.984936 0.94435
2757.04 0.958824 0.907379
2758.05 0.953531 0.904498
2759.06 0.974588 0.929689
2760.06 0.960394 0.91609
2761.07 0.955325 0.904489
2762.08 0.950845 0.903936
2763.09 0.923868 0.886405
2764.09 0.93217 0.898249
2765.1 0.941324 0.905855
2766.11 0.919096 0.881686
2767.12 0.920802 0.885676
2768.13 0.913425 0.869088
2769.13 0.902644 0.859581
2770.14 0.921427 0.88328
2771.15 0.918328 0.874434
2772.16 0.896068 0.850748
2773.17 0.90314 0.857031
2774.17 0.884204 0.842257
2775.18 0.897173 0.852749
2776.19 0.902136 0.862489
2777.2 0.892802 0.848737
2778.2 0.883762 0.839868
2779.21 0.876793 0.843256
2780.22 0.869862 0.823338
2781.23 0.884864 0.833819
2782.24 0.877123 0.834926
2783.24 0.855788 0.817795
2784.25 0.85577 0.825793
2785.26 0.852628 0.810862
2786.27 0.852859 0.823155
2787.28 0.858549 0.829237
2788.28 0.837046 0.804948
2789.29 0.829999 0.8017
2790.3 0.83514 0.800355
2791.31 0.820288 0.795436
2792.31 0.839635 0.805818
2793.32 0.831261 0.801562
2794.33 0.814805 0.781396
2795.34 0.815336 0.788829
2796.35 0.815721 0.784442
2797.35 0.805915 0.781706
2798.36 0.814891 0.790938
2799.37 0.808011 0.773716
2800.38 0.795326 0.770426
2801.39 0.805298 0.779429
2802.39 0.800138 0.770843
2803.4 0.81138 0.785757
2804.41 0.809143 0.781519
2805.42 0.796082 0.768904
2806.43 0.80159 0.771521
2807.43 0.803132 0.782308
2808.44 0.803145 0.773417
2809.45 0.811867 0.781805
2810.46 0.809593 0.773948
2811.46 0.807964 0.790212
2812.47 0.814725 0.79118
2813.48 0.809609 0.783327
2814.49 0.820565 0.805144
2815.5 0.826772 0.805554
2816.5 0.822551 0.801932
2817.51 0.824696 0.806038
2818.52 0.839474 0.820907
2819.53 0.835852 0.808568
2820.54 0.849721 0.838709
2821.54 0.849224 0.831431
2822.55 0.845288 0.821966
2823.56 0.85376 0.842333
2824.57 0.864458 0.842081
2825.57 0.855819 0.841693
2826.58 0.872092 0.854968
2827.59 0.860687 0.840451
2828.6 0.86959 0.855297
2829.61 0.876278 0.862169
2830.61 0.868592 0.862098
2831.62 0.881816 0.873923
2832.63 0.886456 0.865576
2833.64 0.871871 0.858349
2834.65 0.885464 0.878737
2835.65 0.897143 0.884318
2836.66 0.882643 0.882467
2837.67 0.902567 0.891828
2838.68 0.887202 0.883966
2839.69 0.892163 0.883405
2840.69 0.905102 0.902217
2841.7 0.911746 0.90225
2842.71 0.90168 0.904526
2843.72 0.921291 0.914293
2844.72 0.901419 0.900159
2845.73 0.928728 0.925217
2846.74 0.931941 0.929049
2847.75 0.933971 0.927115
2848.76 0.945094 0.938836
2849.76 0.946921 0.926793
2850.77 0.945873 0.940152
2851.78 0.955714 0.955663
2852.79 0.956714 0.960419
2853.8 0.960201 0.953655
2854.8 0.973972 0.970778
2855.81 0.962788 0.958189
2856.82 0.979484 0.980731
2857.83 0.995236 0.992187
2858.83 0.984435 0.980299
2859.84 0.993083 0.98747
2860.85 0.995169 0.993709
2861.86 0.988401 0.977912
2862.87 1.00656 1.00676
2863.87 1.01181 1.00172
2864.88 1.00159 0.997512
2865.89 1.01916 1.013
2866.9 1.00206 1.00165
2867.91 1.018 1.01329
2868.91 1.02379 1.01871
2869.92 1.01739 0.99782
2870.93 1.01887 1.0091
2871.94 1.02652 1.02227
2872.94 1.00685 1.00384
2873.95 1.03384 1.02496
2874.96 1.0327 1.01655
2875.97 1.02525 1.00018
2876.98 1.02774 1.0124
2877.98 1.02027 0.9954
2878.99 1.01739 0.992632
2880 0.9483 0.951034
2880 1.02151 0.993545
2881.01 0.969763 0.959912
2882.02 0.995417 0.987651
2883.02 0.996484 0.991284
2884.03 1.01765 1.00612
2885.04 1.02993 1.02123
2886.05 1.02571 1.00506
2887.06 1.02815 1.01281
2888.06 1.02248 1.00852
2889.07 1.01415 1.00386
2890.08 1.03829 1.00754
2891.09 1.03472 1.00302
2892.09 1.01279 0.992843
2893.1 1.02687 1.00311
2894.11 1.0047 0.980189
2895.12 1.02098 0.985366
2896.13 1.02337 0.997094
2897.13 1.00577 0.982306
2898.14 1.00314 0.981733
2899.15 1.00984 0.978472
2900.16 0.995763 0.962211
2901.17 1.00212 0.979671
2902.17 0.996085 0.962943
2903.18 0.986956 0.960498
2904.19 0.996335 0.973895
2905.2 0.987707 0.954469
2906.2 0.983511 0.958023
2907.21 0.986674 0.97379
2908.22 0.975595 0.9492
2909.23 0.976722 0.948876
2910.24 0.97905 0.952601
2911.24 0.969678 0.94005
2912.25 0.979554 0.958609
2913.26 0.96782 0.94153
2914.27 0.957192 0.926786
2915.28 0.962416 0.941772
2916.28 0.955112 0.919968
2917.29 0.945041 0.915756
2918.3 0.95331 0.932707
2919.31 0.947792 0.912027
2920.31 0.932952 0.909211
2921.32 0.939496 0.914994
2922.33 0.921528 0.894098
2923.34 0.924309 0.903
2924.35 0.922262 0.896914
2925.35 0.906354 0.880579
2926.36 0.909927 0.886434
2927.37 0.903254 0.870941
2928.38 0.889451 0.86712
2929.39 0.897221 0.880143
2930.39 0.878036 0.860836
2931.4 0.872397 0.853226
2932.41 0.884817 0.861635
2933.42 0.864303 0.853814
2934.43 0.865959 0.843358
2935.43 0.875588 0.852808
2936.44 0.866312 0.836943
2937.45 0.858937 0.843759
2938.46 0.869697 0.85242
2939.46 0.857911 0.835824
2940.47 0.871102 0.843926
2941.48 0.866912 0.84534
2942.49 0.863566 0.838136
2943.5 0.868324 0.853378
2944.5 0.869977 0.846196
2945.51 0.865365 0.847649
2946.52 0.883245 0.870831
2947.53 0.861343 0.839171
2948.54 0.872332 0.851058
2949.54 0.878516 0.8589
2950.55 0.877272 0.860824
2951.56 0.882377 0.866173
2952.57 0.886319 0.872307
2953.57 0.874294 0.852706
2954.58 0.883459 0.870513
2955.59 0.887638 0.86797
2956.6 0.86883 0.857196
2957.61 0.888872 0.873772
2958.61 0.870024 0.861981
2959.62 0.867946 0.857425
2960.63 0.874842 0.858429
2961.64 0.863832 0.862405
2962.65 0.864263 0.870045
2963.65 0.869436 0.85898
2964.66 0.852714 0.846436
2965.67 0.855599 0.846616
2966.68 0.862942 0.854107
2967.69 0.845267 0.848532
2968.69 0.851303 0.856576
2969.7 0.839602 0.847236
2970.71 0.830218 0.835208
2971.72 0.846375 0.848023
2972.72 0.847371 0.84177
2973.73 0.838271 0.838506
2974.74 0.84406 0.844164
2975.75 0.823658 0.824843
2976.76 0.839055 0.845403
2977.76 0.848576 0.844247
2978.77 0.841537 0.839713
2979.78 0.841898 0.845532
2980.79 0.846231 0.840432
2981.8 0.833348 0.834014
2982.8 0.852714 0.854729
2983.81 0.852105 0.845508
2984.82 0.842266 0.84636
2985.83 0.857118 0.846766
2986.83 0.840727 0.833145
2987.84 0.838514 0.850436
2988.85 0.853672 0.851433
2989.86 0.8463 0.844124
2990.87 0.836907 0.83871
2991.87 0.840191 0.840512
2992.88 0.819286 0.821362
2993.89 0.841265 0.84225
2994.9 0.838164 0.838628
2995.91 0.822294 0.830541
2996.91 0.825114 0.833604
2997.92 0.806633 0.813375
2998.93 0.809327 0.821935
2999.94 0.829208 0.824879
3000.94 0.81513 0.81995
3001.95 0.806797 0.822044
3002.96 0.825906 0.820201
3003.97 0.811781 0.824562
3004.98 0.845773 0.858153
3005.98 0.867589 0.869606
3006.99 0.889225 0.894834
3008 0.826883 0.830244
3008 0.933616 0.928887
3009.01 0.810067 0.816571
3010.02 0.818006 0.8288
3011.02 0.805585 0.815544
3012.03 0.800046 0.808748
3013.04 0.808484 0.821805
3014.05 0.803939 0.8128
3015.06 0.816127 0.81861
3016.06 0.812092 0.833794
3017.07 0.815141 0.818859
3018.08 0.809928 0.824179
3019.09 0.81734 0.82227
3020.09 0.819123 0.816922
3021.1 0.841811 0.839005
3022.11 0.834516 0.835388
3023.12 0.822496 0.824261
3024.13 0.833888 0.837927
3025.13 0.832614 0.827042
3026.14 0.832629 0.837337
3027.15 0.837937 0.842737
3028.16 0.828347 0.837716
3029.17 0.833597 0.836282
3030.17 0.837356 0.842639
3031.18 0.829369 0.830289
3032.19 0.834881 0.842784
3033.2 0.827186 0.836631
3034.2 0.830863 0.816698
3035.21 0.828064 0.828206
3036.22 0.829069 0.824502
3037.23 0.820333 0.829848
3038.24 0.837868 0.839255
3039.24 0.811269 0.817457
3040.25 0.818815 0.819977
3041.26 0.826539 0.829446
3042.27 0.826336 0.824233
3043.28 0.822178 0.823818
3044.28 0.821977 0.819423
3045.29 0.804467 0.810285
3046.3 0.818855 0.820983
3047.31 0.821249 0.830769
3048.31 0.814177 0.809938
3049.32 0.822163 0.834294
3050.33 0.80625 0.820318
3051.34 0.803283 0.809295
3052.35 0.823308 0.82821
3053.35 0.826227 0.821221
3054.36 0.814244 0.81317
3055.37 0.82315 0.832848
3056.38 0.817841 0.814747
3057.39 0.819198 0.820603
3058.39 0.82183 0.825817
3059.4 0.815207 0.819139
3060.41 0.825063 0.830391
3061.42 0.826522 0.822761
3062.43 0.812746 0.819435
3063.43 0.83369 0.834208
3064.44 0.829241 0.82478
3065.45 0.822698 0.826743
3066.46 0.840018 0.838333
3067.46 0.81932 0.813045
3068.47 0.821556 0.829299
3069.48 0.838845 0.833597
3070.49 0.826971 0.835311
3071.5 0.824401 0.830633
3072.5 0.810057 0.768718
3073.51 0.812327 0.825034
3074.52 0.832265 0.842371
3075.53 0.83997 0.840448
3076.54 0.826983 0.824321
3077.54 0.847509 0.840036
3078.55 0.828351 0.832649
3079.56 0.822387 0.836503
3080.57 0.840994 0.841598
3081.57 0.838202 0.841989
3082.58 0.845961 0.835186
3083.59 0.842395 0.846349
3084.6 0.826182 0.830977
3085.61 0.843739 0.840982
3086.61 0.854048 0.855447
3087.62 0.827982 0.830602
3088.63 0.837464 0.84763
3089.64 0.82702 0.839217
3090.65 0.826834 0.832375
3091.65 0.837657 0.844085
3092.66 0.838268 0.846909
3093.67 0.837556 0.838268
3094.68 0.842393 0.843878
3095.69 0.832109 0.830445
3096.69 0.834432 0.840596
3097.7 0.842164 0.852265
3098.71 0.834763 0.837573
3099.72 0.832206 0.839426
3100.72 0.833391 0.834534
3101.73 0.82263 0.833502
3102.74 0.844981 0.857545
3103.75 0.843809 0.853548
3104.76 0.831038 0.836425
3105.76 0.839963 0.849738
3106.77 0.836968 0.840037
3107.78 0.839527 0.850759
3108.79 0.859289 0.858514
3109.8 0.851913 0.851476
3110.8 0.844165 0.855426
3111.81 0.85972 0.863961
3112.82 0.845579 0.846394
3113.83 0.872012 0.861429
3114.83 0.868791 0.862634
3115.84 0.860122 0.853855
3116.85 0.8656 0.864239
3117.86 0.866432 0.861924
3118.87 0.86996 0.861597
3119.87 0.882054 0.878218
3120.88 0.867026 0.862062
3121.89 0.862101 0.866142
3122.9 0.879902 0.873689
3123.91 0.858908 0.859721
3124.91 0.868907 0.871709
3125.92 0.874935 0.871338
3126.93 0.862758 0.857773
3127.94 0.872447 0.871168
3128.94 0.862916 0.868812
3129.95 0.870962 0.873245
3130.96 0.872291 0.870311
3131.97 0.851348 0.866337
3132.98 0.847792 0.852307
3133.98 0.849262 0.857242
3134.99 0.835192 0.838224
3136 0.828722 0.829518
3136 0.84371 0.845147
3137.01 0.826424 0.838166
3138.02 0.845001 0.856482
3139.02 0.863529 0.85822
3140.03 0.857106 0.861831
3141.04 0.888547 0.883514
3142.05 0.884463 0.874683
3143.06 0.870065 0.875287
3144.06 0.89343 0.900893
3145.07 0.892439 0.890493
3146.08 0.893265 0.898775
3147.09 0.904968 0.902595
3148.09 0.891972 0.891451
3149.1 0.902153 0.895359
3150.11 0.916705 0.919562
3151.12 0.914445 0.905928
3152.13 0.924898 0.925353
3153.13 0.924884 0.917311
3154.14 0.915318 0.909602
3155.15 0.937927 0.924914
3156.16 0.944102 0.930138
3157.17 0.938456 0.931271
3158.17 0.952278 0.944798
3159.18 0.929517 0.926127
3160.19 0.938223 0.93068
3161.2 0.954067 0.94314
3162.2 0.955911 0.939737
3163.21 0.95957 0.955616
3164.22 0.94796 0.943491
3165.23 0.941924 0.928553
3166.24 0.957793 0.947216
3167.24 0.955673 0.960856
3168.25 0.947609 0.938431
3169.26 0.966175 0.952823
3170.27 0.951933 0.940707
3171.28 0.952727 0.937098
3172.28 0.961925 0.953493
3173.29 0.953478 0.949167
3174.3 0.958706 0.946496
3175.31 0.958948 0.943061
3176.31 0.94287 0.929804
3177.32 0.942454 0.932435
3178.33 0.958206 0.951888
3179.34 0.946391 0.934672
3180.35 0.945867 0.954727
3181.35 0.9403 0.933499
3182.36 0.933097 0.928142
3183.37 0.939512 0.940136
3184.38 0.95205 0.934714
3185.39 0.925661 0.927937
3186.39 0.943804 0.925998
3187.4 0.921219 0.910161
3188.41 0.920314 0.92232
3189.42 0.932723 0.923082
3190.43 0.925733 0.915001
3191.43 0.921337 0.911135
3192.44 0.909431 0.901564
3193.45 0.90272 0.898391
3194.46 0.914298 0.908598
3195.46 0.91144 0.904398
3196.47 0.898824 0.89299
3197.48 0.90502 0.901211
3198.49 0.880692 0.873192
3199.5 0.879058 0.87398
3200.5 0.880842 0.886553
3201.51 0.881581 0.875405
3202.52 0.871941 0.874229
3203.53 0.878225 0.867424
3204.54 0.84867 0.847135
3205.54 0.869491 0.85804
3206.55 0.870081 0.865145
3207.56 0.850615 0.844772
3208.57 0.854719 0.854275
3209.57 0.84096 0.840332
3210.58 0.834812 0.837466
3211.59 0.848905 0.85177
3212.6 0.837809 0.841406
3213.61 0.835628 0.828538
3214.61 0.826574 0.826112
3215.62 0.818959 0.81197
3216.63 0.821437 0.831218
3217.64 0.833414 0.832258
3218.65 0.81558 0.816594
3219.65 0.819984 0.810935
3220.66 0.803847 0.798904
3221.67 0.798851 0.805453
3222.68 0.81291 0.814549
3223.69 0.806102 0.802261
3224.69 0.787869 0.787879
3225.7 0.793927 0.801545
3226.71 0.783663 0.785294
3227.72 0.793271 0.797845
3228.72 0.794006 0.796744
3229.73 0.78349 0.792473
3230.74 0.777311 0.775508
3231.75 0.780328 0.77812
3232.76 0.771504 0.774204
3233.76 0.788169 0.78682
3234.77 0.773757 0.776032
3235.78 0.766024 0.763596
3236.79 0.772892 0.766796
3237.8 0.774435 0.766779
3238.8 0.771005 0.768114
3239.81 0.782663 0.769697
3240.82 0.772467 0.760762
3241.83 0.766005 0.752268
3242.83 0.759515 0.756232
3243.84 0.75909 0.745387
3244.85 0.768299 0.772244
3245.86 0.760441 0.762471
3246.87 0.745939 0.743261
3247.87 0.756206 0.746003
3248.88 0.756857 0.741788
3249.89 0.743267 0.751815
3250.9 0.757025 0.767161
3251.91 0.745467 0.749726
3252.91 0.737718 0.746289
3253.92 0.745931 0.755538
3254.93 0.736151 0.741859
3255.94 0.756693 0.759689
3256.94 0.752213 0.75522
3257.95 0.740029 0.73844
3258.96 0.744619 0.743867
3259.97 0.751799 0.760903
3260.98 0.758 0.755343
3261.98 0.782404 0.775155
3262.99 0.783908 0.786696
3264 1.12064 1.02946
3264 0.570978 0.62599
3265.01 0.773399 0.777062
3266.02 0.766835 0.771084
3267.02 0.757808 0.766078
3268.03 0.7475 0.74215
3269.04 0.738619 0.745406
3270.05 0.7537 0.759975
3271.06 0.742712 0.752205
3272.06 0.761797 0.765754
3273.07 0.752413 0.748487
3274.08 0.73505 0.748036
3275.09 0.745545 0.753868
3276.09 0.764735 0.759074
3277.1 0.752638 0.757258
3278.11 0.764496 0.758055
3279.12 0.74574 0.738385
3280.13 0.74959 0.749688
3281.13 0.757119 0.765067
3282.14 0.752623 0.752008
3283.15 0.753082 0.761911
3284.16 0.758091 0.755609
3285.17 0.749565 0.742047
3286.17 0.749082 0.750541
3287.18 0.759284 0.758797
3288.19 0.75355 0.749742
3289.2 0.762955 0.756298
3290.2 0.739898 0.740598
3291.21 0.741159 0.748303
3292.22 0.768057 0.759241
3293.23 0.747072 0.744039
3294.24 0.762897 0.75102
3295.24 0.753321 0.746172
3296.25 0.738593 0.723115
3297.26 0.747569 0.743517
3298.27 0.753406 0.750808
3299.28 0.748245 0.74661
3300.28 0.745334 0.75296
3301.29 0.740816 0.737383
3302.3 0.744246 0.745487
3303.31 0.747543 0.754056
3304.31 0.750076 0.754115
3305.32 0.744909 0.750339
3306.33 0.746091 0.751109
3307.34 0.734487 0.735916
3308.35 0.740755 0.751726
3309.35 0.765103 0.765304
3310.36 0.755624 0.758145
3311.37 0.748467 0.761043
3312.38 0.755986 0.755967
3313.39 0.757885 0.74201
3314.39 0.766944 0.759451
3315.4 0.76374 0.757065
3316.41 0.756935 0.745889
3317.42 0.763636 0.767448
3318.43 0.758906 0.753085
3319.43 0.758646 0.763541
3320.44 0.773048 0.7717
3321.45 0.768121 0.760541
3322.46 0.762571 0.770028
3323.46 0.766939 0.765168
3324.47 0.771646 0.757812
3325.48 0.780352 0.789101
3326.49 0.777873 0.786096
3327.5 0.776352 0.770703
3328.5 0.776262 0.778844
3329.51 0.773948 0.774591
3330.52 0.77935 0.788366
3331.53 0.791781 0.79156
3332.54 0.781672 0.787821
3333.54 0.774553 0.774756
3334.55 0.780592 0.787709
3335.56 0.774221 0.780216
3336.57 0.801254 0.805602
3337.57 0.794821 0.793995
3338.58 0.774457 0.783364
3339.59 0.779135 0.785464
3340.6 0.783374 0.78921
3341.61 0.790211 0.787723
3342.61 0.79631 0.798763
3343.62 0.784876 0.789127
3344.63 0.775639 0.782735
3345.64 0.78655 0.788619
3346.65 0.788651 0.785552
3347.65 0.799559 0.802941
3348.66 0.795456 0.802472
3349.67 0.789508 0.778889
3350.68 0.788534 0.785643
3351.69 0.807075 0.793415
3352.69 0.8033 0.798992
3353.7 0.823491 0.808848
3354.71 0.802415 0.795516
3355.72 0.795934 0.794459
3356.72 0.814001 0.797937
3357.73 0.814228 0.809693
3358.74 0.815661 0.814145
3359.75 0.831136 0.82122
3360.76 0.822849 0.801664
3361.76 0.821172 0.820576
3362.77 0.839591 0.839036
3363.78 0.832829 0.832668
3364.79 0.858685 0.84391
3365.8 0.858591 0.84604
3366.8 0.841927 0.839836
3367.81 0.85329 0.857512
3368.82 0.863125 0.854106
3369.83 0.870482 0.860862
3370.83 0.882491 0.883527
3371.84 0.865639 0.857586
3372.85 0.875993 0.866866
3373.86 0.888085 0.880822
3374.87 0.879556 0.869695
3375.87 0.886181 0.881483
3376.88 0.885811 0.882781
3377.89 0.869466 0.866972
3378.9 0.89086 0.878634
3379.91 0.890124 0.885746
3380.91 0.886445 0.887896
3381.92 0.896513 0.889156
3382.93 0.885714 0.867954
3383.94 0.883142 0.866554
3384.94 0.880206 0.880215
3385.95 0.880304 0.867064
3386.96 0.867235 0.868638
3387.97 0.875259 0.865311
3388.98 0.85288 0.845165
3389.98 0.843478 0.839418
3390.99 0.826807 0.830373
3392 0.665704 0.654635
3392 0.950547 0.957235
3393.01 0.809697 0.813191
3394.02 0.817515 0.818411
3395.02 0.841734 0.835522
3396.03 0.847473 0.844249
3397.04 0.859808 0.850909
3398.05 0.867353 0.858837
3399.06 0.856084 0.848672
3400.06 0.86749 0.853203
3401.07 0.869048 0.857444
3402.08 0.86409 0.84995
3403.09 0.873021 0.859224
3404.09 0.866018 0.849705
3405.1 0.854749 0.840165
3406.11 0.860374 0.849896
3407.12 0.855921 0.856375
3408.13 0.854042 0.844468
3409.13 0.857022 0.849429
3410.14 0.840902 0.818617
3411.15 0.840503 0.835214
3412.16 0.846453 0.838962
3413.17 0.837569 0.81753
3414.17 0.84116 0.820588
3415.18 0.827095 0.808956
3416.19 0.809328 0.798264
3417.2 0.818811 0.803111
3418.2 0.81104 0.808556
3419.21 0.79913 0.786869
3420.22 0.807546 0.786425
3421.23 0.786193 0.773624
3422.24 0.787282 0.77366
3423.24 0.787413 0.781878
3424.25 0.773776 0.765541
3425.26 0.770735 0.763576
3426.27 0.77268 0.759437
3427.28 0.755935 0.740588
3428.28 0.762527 0.753482
3429.29 0.762403 0.751934
3430.3 0.74846 0.738814
3431.31 0.739809 0.737873
3432.31 0.738132 0.725898
3433.32 0.728872 0.725518
3434.33 0.741859 0.743255
3435.34 0.737653 0.73206
3436.35 0.72613 0.721671
3437.35 0.718737 0.729618
3438.36 0.714265 0.720636
3439.37 0.723235 0.725333
3440.38 0.72815 0.724455
3441.39 0.700662 0.715628
3442.39 0.708439 0.714574
3443.4 0.707346 0.704332
3444.41 0.687298 0.697086
3445.42 0.70911 0.715135
3446.43 0.863447 0.893288
3447.43 0.526137 0.532448
3448.44 0.431768 0.478903
3449.45 0.525604 0.571417
3450.46 0.617377 0.6058
3451.46 0.629025 0.576806
3452.47 0.615371 0.58045
3453.48 0.597431 0.577747
3454.49 0.501068 0.501258
3455.5 0.473255 0.495662
3456.5 0.538106 0.624568
3457.51 0.511988 0.617566
3458.52 0.525923 0.58672
3459.53 0.534109 0.586044
3460.54 0.521241 0.586927
3461.54 0.519761 0.604806
3462.55 0.575847 0.628738
3463.56 0.628903 0.661796
3464.57 0.643918 0.674822
3465.57 0.660781 0.684758
3466.58 0.660991 0.671211
3467.59 0.670232 0.68282
3468.6 0.666904 0.680994
3469.61 0.653138 0.668998
3470.61 0.657639 0.678105
3471.62 0.654433 0.668633
3472.63 0.655158 0.663002
3473.64 0.664781 0.677427
3474.65 0.650693 0.663487
3475.65 0.652526 0.667707
3476.66 0.655019 0.665338
3477.67 0.653964 0.662014
3478.68 0.652443 0.662066
3479.69 0.653172 0.669421
3480.69 0.643167 0.659851
3481.7 0.645109 0.660553
3482.71 0.65371 0.66326
3483.72 0.650431 0.661235
3484.72 0.659642 0.663162
3485.73 0.649401 0.660208
3486.74 0.641914 0.648389
3487.75 0.653683 0.662289
3488.76 0.651655 0.662912
3489.76 0.65174 0.674587
3490.77 0.659309 0.680329
3491.78 0.643984 0.662645
3492.79 0.64232 0.670382
3493.8 0.656497 0.674179
3494.8 0.660078 0.67591
3495.81 0.668081 0.680597
3496.82 0.659034 0.683843
3497.83 0.663967 0.669985
3498.83 0.659552 0.687434
3499.84 0.663888 0.682327
3500.85 0.667048 0.682315
3501.86 0.669386 0.683002
3502.87 0.663977 0.670184
3503.87 0.666189 0.673019
3504.88 0.665752 0.687623
3505.89 0.674397 0.683425
3506.9 0.676441 0.690787
3507.91 0.667393 0.683205
3508.91 0.662656 0.668187
3509.92 0.663263 0.676772
3510.93 0.667922 0.685275
3511.94 0.666512 0.681111
3512.94 0.673638 0.689875
3513.95 0.668687 0.676645
3514.96 0.676644 0.69105
3515.97 0.690197 0.705744
3516.98 0.701847 0.705965
3517.98 0.716563 0.736679
3518.99 0.734556 0.747805
3520 0.648606 0.654109
3520 0.756175 0.766022
3521.01 0.648248 0.663977
3522.02 0.653904 0.664873
3523.02 0.664319 0.664886
3524.03 0.653418 0.66392
3525.04 0.659153 0.668832
3526.05 0.665702 0.67719
3527.06 0.66929 0.684122
3528.06 0.674548 0.675588
3529.07 0.672323 0.684119
3530.08 0.662987 0.6683
3531.09 0.662535 0.686148
3532.09 0.679317 0.686054
3533.1 0.669488 0.687197
3534.11 0.677159 0.678494
3535.12 0.667104 0.674549
3536.13 0.656767 0.677768
3537.13 0.674668 0.689322
3538.14 0.676654 0.676019
3539.15 0.672216 0.673835
3540.16 0.666833 0.678238
3541.17 0.65085 0.664733
3542.17 0.657599 0.672876
3543.18 0.661421 0.684621
3544.19 0.658391 0.670743
3545.2 0.653743 0.6652
3546.2 0.648997 0.668201
3547.21 0.642517 0.662725
3548.22 0.648217 0.676223
3549.23 0.65458 0.672993
3550.24 0.657288 0.671416
3551.24 0.774698 0.807881
3552.25 0.452064 0.510879
3553.26 0.438815 0.497363
3554.27 0.528723 0.572285
3555.28 0.574831 0.604369
3556.28 0.566887 0.603314
3557.29 0.58524 0.629616
3558.3 0.580007 0.643618
3559.31 0.43502 0.496285
3560.31 0.386689 0.472757
3561.32 0.59784 0.628882
3562.33 0.601297 0.642392
3563.34 0.606723 0.653154
3564.35 0.585659 0.664931
3565.35 0.635986 0.66453
3566.36 0.672999 0.689473
3567.37 0.666132 0.692523
3568.38 0.687984 0.716381
3569.39 0.704042 0.730416
3570.39 0.714766 0.747934
3571.4 0.721811 0.75542
3572.41 0.706884 0.738421
3573.42 0.71431 0.743444
3574.43 0.719376 0.754419
3575.43 0.715178 0.756302
3576.44 0.73302 0.764145
3577.45 0.728991 0.753496
3578.46 0.724712 0.749934
3579.46 0.727518 0.765539
3580.47 0.726492 0.767062
3581.48 0.744382 0.766308
3582.49 0.741449 0.77305
3583.5 0.729048 0.768213
3584.5 0.733781 0.761908
3585.51 0.732883 0.766566
3586.52 0.736286 0.772187
3587.53 0.747214 0.782838
3588.54 0.742777 0.772328
3589.54 0.733899 0.764486
3590.55 0.73947 0.777412
3591.56 0.738801 0.774083
3592.57 0.743577 0.780418
3593.57 0.753092 0.796306
3594.58 0.735668 0.771771
3595.59 0.750622 0.783567
3596.6 0.759542 0.784323
3597.61 0.751648 0.777073
3598.61 0.770496 0.795901
3599.62 0.773537 0.801981
3600.63 0.761695 0.787743
3601.64 0.767414 0.789106
3602.65 0.767895 0.803129
3603.65 0.769999 0.801187
3604.66 0.785888 0.808031
3605.67 0.773499 0.790459
3606.68 0.769166 0.791158
3607.69 0.776244 0.802516
3608.69 0.770979 0.805558
3609.7 0.781571 0.800886
3610.71 0.785313 0.794396
3611.72 0.763162 0.785266
3612.72 0.765762 0.785729
3613.73 0.775562 0.784134
3614.74 0.75666 0.783647
3615.75 0.769347 0.786272
3616.76 0.757295 0.775224
3617.76 0.750186 0.767581
3618.77 0.757339 0.772845
3619.78 0.752135 0.764508
3620.79 0.753744 0.771873
3621.8 0.749051 0.765926
3622.8 0.730853 0.754152
3623.81 0.729363 0.752935
3624.82 0.733428 0.756647
3625.83 0.725645 0.753126
3626.83 0.726971 0.749153
3627.84 0.717696 0.724023
3628.85 0.701011 0.726587
3629.86 0.713949 0.730306
3630.87 0.699117 0.729318
3631.87 0.697681 0.720586
3632.88 0.695791 0.717428
3633.89 0.678895 0.696928
3634.9 0.674937 0.703575
3635.91 0.672002 0.704449
3636.91 0.659871 0.693817
3637.92 0.664031 0.700321
3638.93 0.664306 0.682377
3639.94 0.637431 0.667935
3640.94 0.644573 0.676515
3641.95 0.644423 0.672935
3642.96 0.631916 0.668521
3643.97 0.63638 0.669617
3644.98 0.634991 0.649661
3645.98 0.622775 0.659356
3646.99 0.638043 0.655732
3648 0.562034 0.604856
3648 0.636513 0.657669
3649.01 0.575405 0.618333
3650.02 0.573707 0.617162
3651.02 0.582928 0.624206
3652.03 0.582651 0.624921
3653.04 0.590171 0.63291
3654.05 0.585743 0.626289
3655.06 0.570318 0.616245
3656.06 0.572222 0.615028
3657.07 0.581881 0.629163
3658.08 0.581469 0.614872
3659.09 0.574989 0.61972
3660.09 0.575427 0.620916
3661.1 0.56766 0.610439
3662.11 0.575616 0.627527
3663.12 0.577191 0.621082
3664.13 0.568848 0.607295
3665.13 0.569036 0.615494
3666.14 0.562611 0.611711
3667.15 0.554422 0.602278
3668.16 0.55711 0.620777
3669.17 0.55787 0.607667
3670.17 0.549226 0.598845
3671.18 0.554079 0.604749
3672.19 0.549279 0.593445
3673.2 0.547115 0.606917
3674.2 0.550451 0.59921
3675.21 0.536487 0.592706
3676.22 0.536143 0.595199
3677.23 0.531045 0.588159
3678.24 0.535612 0.585948
3679.24 0.539795 0.593382
3680.25 0.53849 0.592954
3681.26 0.529451 0.586394
3682.27 0.538615 0.574283
3683.28 0.525439 0.577174
3684.28 0.529429 0.583239
3685.29 0.534356 0.592375
3686.3 0.530524 0.583764
3687.31 0.525716 0.578686
3688.31 0.534411 0.590588
3689.32 0.523408 0.580358
3690.33 0.5325 0.602938
3691.34 0.54153 0.600873
3692.35 0.542142 0.592046
3693.35 0.548138 0.600461
3694.36 0.546198 0.591367
3695.37 0.543104 0.587842
3696.38 0.552725 0.616345
3697.39 0.549819 0.605376
3698.39 0.541058 0.599526
3699.4 0.563515 0.610048
3700.41 0.558516 0.601336
3701.42 0.559661 0.618516
3702.43 0.569152 0.62219
3703.43 0.559058 0.616894
3704.44 0.562444 0.625564
3705.45 0.562694 0.632291
3706.46 0.569399 0.622758
3707.46 0.577707 0.626137
3708.47 0.567403 0.622887
3709.48 0.565357 0.62612
3710.49 0.569017 0.626351
3711.5 0.570246 0.620372
3712.5 0.572395 0.628383
3713.51 0.573597 0.636241
3714.52 0.5708 0.627204
3715.53 0.572667 0.620705
3716.54 0.578504 0.631765
3717.54 0.560119 0.624805
3718.55 0.575783 0.628489
3719.56 0.569554 0.630766
3720.57 0.573149 0.618001
3721.57 0.571791 0.622358
3722.58 0.568139 0.630012
3723.59 0.576391 0.614909
3724.6 0.574995 0.630915
3725.61 0.559533 0.617507
3726.61 0.566613 0.613811
3727.62 0.57432 0.62932
3728.63 0.579941 0.619263
3729.64 0.573665 0.630029
3730.65 0.567045 0.625641
3731.65 0.558474 0.619578
3732.66 0.560067 0.619271
3733.67 0.556197 0.612463
3734.68 0.562213 0.61265
3735.69 0.557224 0.61402
3736.69 0.54388 0.589299
3737.7 0.551151 0.596587
3738.71 0.551544 0.604449
3739.72 0.548167 0.59809
3740.72 0.544272 0.590268
3741.73 0.54278 0.588439
3742.74 0.536317 0.585091
3743.75 0.531751 0.587288
3744.76 0.531226 0.585257
3745.76 0.536758 0.577201
3746.77 0.537002 0.581276
3747.78 0.528195 0.586105
3748.79 0.519969 0.570726
3749.8 0.519757 0.585037
3750.8 0.517918 0.574561
3751.81 0.508573 0.563459
3752.82 0.522069 0.576331
3753.83 0.51136 0.557681
3754.83 0.506526 0.571986
3755.84 0.516231 0.577556
3756.85 0.500805 0.567545
3757.86 0.511168 0.566025
3758.87 0.512261 0.574175
3759.87 0.501629 0.545424
3760.88 0.50787 0.569893
3761.89 0.505892 0.568357
3762.9 0.50214 0.561594
3763.91 0.502028 0.56525
3764.91 0.497451 0.562925
3765.92 0.49803 0.554261
3766.93 0.505467 0.560467
3767.94 0.496604 0.558828
3768.94 0.503593 0.565103
3769.95 0.506335 0.564004
3770.96 0.499143 0.568719
3771.97 0.507824 0.571906
3772.98 0.514736 0.588234
3773.98 0.530096 0.57782
3774.99 0.556192 0.591924
3776 0.44042 0.553262
3776 0.560211 0.600455
3777.01 0.472916 0.557143
3778.02 0.477105 0.551427
3779.02 0.476665 0.557005
3780.03 0.480515 0.555033
3781.04 0.481473 0.561837
3782.05 0.483124 0.558212
3783.06 0.488904 0.56601
3784.06 0.478916 0.560505
3785.07 0.490434 0.56728
3786.08 0.489619 0.566632
3787.09 0.49226 0.574218
3788.09 0.497232 0.579674
3789.1 0.496177 0.57804
3790.11 0.498357 0.573087
3791.12 0.495619 0.589221
3792.13 0.496619 0.579967
3793.13 0.501193 0.592835
3794.14 0.510407 0.601862
3795.15 0.505246 0.594079
3796.16 0.507538 0.603705
3797.17 0.515814 0.605166
3798.17 0.517115 0.604095
3799.18 0.52164 0.617345
3800.19 0.528049 0.619883
3801.2 0.520395 0.612253
3802.2 0.527265 0.629736
3803.21 0.531204 0.615478
3804.22 0.53515 0.618785
3805.23 0.54834 0.622747
3806.24 0.531984 0.621838
3807.24 0.532548 0.627819
3808.25 0.532551 0.631831
3809.26 0.532026 0.635744
3810.27 0.550324 0.639039
3811.28 0.55153 0.638752
3812.28 0.53687 0.637172
3813.29 0.552623 0.6383
3814.3 0.551645 0.636483
3815.31 0.548143 0.646888
3816.31 0.554098 0.645107
3817.32 0.547596 0.647418
3818.33 0.542847 0.655302
3819.34 0.558327 0.649027
3820.35 0.565889 0.649963
3821.35 0.573396 0.663676
3822.36 0.573941 0.664406
3823.37 0.565824 0.664419
3824.38 0.567878 0.658311
3825.39 0.580561 0.667196
3826.39 0.577691 0.671427
3827.4 0.581434 0.685522
3828.41 0.576803 0.671881
3829.42 0.582755 0.671619
3830.43 0.580758 0.675557
3831.43 0.59045 0.673238
3832.44 0.582814 0.681072
3833.45 0.584071 0.684258
3834.46 0.578668 0.674094
3835.46 0.572431 0.674433
3836.47 0.58244 0.675385
3837.48 0.577674 0.664905
3838.49 0.57488 0.672044
3839.5 0.575632 0.663929
3840.5 0.572434 0.659018
3841.51 0.563045 0.649382
3842.52 0.569859 0.650658
3843.53 0.552827 0.656245
3844.54 0.551048 0.664253
3845.54 0.541712 0.634536
3846.55 0.550921 0.636608
3847.56 0.53958 0.638756
3848.57 0.535858 0.643674
3849.57 0.531606 0.649752
3850.58 0.537251 0.635173
3851.59 0.518573 0.62382
3852.6 0.529583 0.619128
3853.61 0.526847 0.618525
3854.61 0.522429 0.614314
3855.62 0.512914 0.628517
3856.63 0.514274 0.609154
3857.64 0.515378 0.606763
3858.65 0.509712 0.623174
3859.65 0.508356 0.611699
3860.66 0.511487 0.623792
3861.67 0.510292 0.603795
3862.68 0.498333 0.596284
3863.69 0.500752 0.614603
3864.69 0.50752 0.600976
3865.7 0.505111 0.588903
3866.71 0.497215 0.599102
3867.72 0.483945 0.591509
3868.72 0.474183 0.585851
3869.73 0.494064 0.593265
3870.74 0.480461 0.573546
3871.75 0.472119 0.580323
3872.76 0.477167 0.587912
3873.76 0.460498 0.568662
3874.77 0.466444 0.570045
3875.78 0.464411 0.567345
3876.79 0.453007 0.557554
3877.8 0.450205 0.549147
3878.8 0.440432 0.545448
3879.81 0.443036 0.548222
3880.82 0.441651 0.551741
3881.83 0.436257 0.539511
3882.83 0.430174 0.539187
3883.84 0.425305 0.535114
3884.85 0.419363 0.522271
3885.86 0.411198 0.528759
3886.87 0.41819 0.529197
3887.87 0.412231 0.525344
3888.88 0.416862 0.53474
3889.89 0.404822 0.521008
3890.9 0.394208 0.521475
3891.91 0.405503 0.524364
3892.91 0.410484 0.519357
3893.92 0.402127 0.517795
3894.93 0.399546 0.517528
3895.94 0.400834 0.514805
3896.94 0.395677 0.522239
3897.95 0.405793 0.525388
3898.96 0.401203 0.533536
3899.97 0.404145 0.52475
3900.98 0.410762 0.534796
3901.98 0.426049 0.527354
3902.99 0.42744 0.536779
3904 0.396432 0.558495
3904 0.43638 0.538134
3905.01 0.410947 0.557078
3906.02 0.403446 0.540993
3907.02 0.410844 0.541755
3908.03 0.411845 0.537697
3909.04 0.400805 0.535044
3910.05 0.406531 0.536943
3911.06 0.417835 0.548675
3912.06 0.408755 0.533451
3913.07 0.409222 0.53686
3914.08 0.414277 0.548868
3915.09 0.409844 0.544294
3916.09 0.423491 0.5467
3917.1 0.42674 0.554541
3918.11 0.423891 0.566509
3919.12 0.431749 0.569532
3920.13 0.424713 0.562881
3921.13 0.433407 0.564483
3922.14 0.431497 0.564065
3923.15 0.432069 0.584276
3924.16 0.439731 0.579062
3925.17 0.429634 0.585685
3926.17 0.426295 0.576373
3927.18 0.441258 0.580905
3928.19 0.443174 0.577455
3929.2 0.423498 0.581038
3930.2 0.44181 0.588737
3931.21 0.449063 0.584917
3932.22 0.431725 0.586954
3933.23 0.441661 0.592529
3934.24 0.451341 0.583364
3935.24 0.444235 0.587894
3936.25 0.448935 0.590339
3937.26 0.43996 0.587228
3938.27 0.447812 0.591127
3939.28 0.447763 0.589629
3940.28 0.4558 0.598647
3941.29 0.45097 0.599408
3942.3 0.467152 0.596749
3943.31 0.452399 0.593474
3944.31 0.460313 0.597922
3945.32 0.447927 0.596931
3946.33 0.463281 0.602726
3947.34 0.463776 0.606484
3948.35 0.463562 0.606636
3949.35 0.462699 0.608893
3950.36 0.460941 0.611663
3951.37 0.476668 0.607038
3952.38 0.472736 0.617253
3953.39 0.478396 0.606219
3954.39 0.465731 0.600504
3955.4 0.467713 0.612581
3956.41 0.466395 0.595989
3957.42 0.463966 0.612519
3958.43 0.465999 0.608042
3959.43 0.466578 0.597543
3960.44 0.461005 0.590825
3961.45 0.454773 0.587156
3962.46 0.461194 0.59392
3963.46 0.441965 0.596158
3964.47 0.451662 0.591338
3965.48 0.432645 0.581232
3966.49 0.438525 0.578384
3967.5 0.437812 0.577128
3968.5 0.421262 0.570176
3969.51 0.422454 0.572692
3970.52 0.429806 0.561842
3971.53 0.412449 0.559097
3972.54 0.414845 0.564651
3973.54 0.401214 0.547573
3974.55 0.410597 0.547173
3975.56 0.401307 0.549798
3976.57 0.388935 0.544438
3977.57 0.38955 0.540954
3978.58 0.391088 0.536476
3979.59 0.380376 0.532542
3980.6 0.384572 0.536508
3981.61 0.382765 0.524831
3982.61 0.366002 0.51836
3983.62 0.375596 0.524103
3984.63 0.37296 0.518084
3985.64 0.373281 0.52453
3986.65 0.373508 0.51068
3987.65 0.364831 0.511706
3988.66 0.367302 0.511624
3989.67 0.368802 0.519405
3990.68 0.368904 0.521093
3991.69 0.363424 0.522736
3992.69 0.36922 0.514941
3993.7 0.358144 0.506158
3994.71 0.362402 0.508902
3995.72 0.361696 0.524147
3996.72 0.360989 0.510713
3997.73 0.355655 0.520915
3998.74 0.351961 0.513064
3999.75 0.354479 0.514789
4000.76 0.362888 0.518009
4001.76 0.362102 0.52574
4002.77 0.359563 0.519513
4003.78 0.353896 0.520234
4004.79 0.348979 0.512499
4005.8 0.357138 0.532443
4006.8 0.364924 0.53679
4007.81 0.356146 0.527379
4008.82 0.357524 0.529539
4009.83 0.360545 0.525708
4010.83 0.340649 0.541334
4011.84 0.3603 0.547588
4012.85 0.362412 0.54885
4013.86 0.356487 0.552349
4014.87 0.363097 0.552481
4015.87 0.363503 0.549078
4016.88 0.364642 0.553931
4017.89 0.377485 0.574546
4018.9 0.380197 0.579869
4019.91 0.384636 0.563695
4020.91 0.381384 0.583649
4021.92 0.378 0.58321
4022.93 0.392864 0.589701
4023.94 0.398283 0.606086
4024.94 0.389712 0.589357
4025.95 0.404087 0.598054
4026.96 0.400884 0.599846
4027.97 0.407398 0.587412
4028.98 0.416778 0.596616
4029.98 0.414461 0.59136
4030.99 0.396481 0.57564
4032 0.400603 0.569592
