704.4990 1.54685 1.86805
705.4990 2.29324 -1.22496
706.4990 0.882499 -0.138747
707.4990 0.549508 -1.26241
708.4990 2.28859 -0.797533
709.4990 0.116917 -1.98968
710.4990 3.26582 -3.20969
711.4990 3.30589 0.928892
712.4990 12.4296 19.1694
713.4990 1.30923 1.31035
714.4990 -44.8801 -58.5576
715.4990 -102.778 -94.4824
716.4990 -65.6942 -54.2696
717.4990 48.2648 98.1007
718.4990 54.0029 37.9174
719.4990 52.3086 24.8992
720.4990 37.1326 21.9058
721.4990 37.0654 14.5592
722.4990 31.2753 16.1085
723.4990 17.5006 2.99194
724.4990 11.2166 4.6545
725.4990 -0.426584 -7.54647
726.4990 3.36877 6.18568
727.4990 5.40218 -2.62964
728.4990 8.70871 3.98212
729.4990 20.1058 -3.8743
730.4990 23.0055 14.718
731.4990 -23.0796 -38.9088
732.4990 1.29793 1.28571
733.4990 1.31766 1.35594
734.4990 1.29363 1.34881
735.4990 1.31786 1.33424
736.4990 1.32249 1.32295
737.4990 1.30328 1.29211
738.4990 1.29447 1.31812
739.4990 1.27515 1.31635
740.4990 1.28442 1.31893
741.4990 1.26875 1.27348
742.4990 1.2257 1.26318
743.4990 1.27078 1.2573
744.4990 1.26702 1.26654
745.4990 1.27274 1.2665
746.4990 1.22998 1.24301
747.4990 1.25852 1.26802
748.4990 1.27155 1.27822
749.4990 1.273 1.28235
750.4990 1.26849 1.30649
751.4990 1.27732 1.28124
752.4990 1.26517 1.28794
753.4990 1.28449 1.32172
754.4990 1.29402 1.31375
755.4990 1.31711 1.34543
756.4990 1.38119 1.3556
757.4990 1.44148 1.52054
758.4990 -29.5463 -31.4127
759.4990 7.09039 8.63424
760.4990 8.10943 9.55713
761.4990 -0.288527 -0.684635
762.4990 27.4858 26.9595
763.4990 33.858 22.1106
764.4990 14.8965 12.7903
765.4990 14.8543 14.3118
766.4990 9.1973 9.55362
767.4990 5.69426 5.99357
768.4990 1.77747 1.02402
769.4990 2.06255 2.14891
770.4990 2.85456 2.81248
771.4990 4.72878 5.06933
772.4990 -7.09514 -6.87814
773.4990 0.146185 -0.702208
774.4990 -2.2115 -2.59718
775.4990 -7.67536 -6.31592
776.4990 2.7917 3.15001
777.4990 -6.09619 -2.98853
778.4990 -5.92751 -3.78294
779.4990 -0.353338 -0.273074
780.4990 -7.48334 -7.4491
781.4990 -5.91125 -6.27765
782.4990 0.543936 0.427051
783.4990 -0.400668 -0.674317
784.4990 1.24058 1.28388
785.4990 -5.17885 -4.91991
786.4990 -1.70348 -0.725309
787.4990 18.6097 24.8721
788.4990 1.69527 1.76396
789.4990 1.74145 1.76328
790.4990 1.73941 1.77667
791.4990 1.78157 1.79772
792.4990 1.8037 1.80889
793.4990 1.79117 1.82577
794.4990 1.81261 1.83652
795.4990 1.83414 1.86585
796.4990 1.83252 1.89088
797.4990 1.83919 1.88561
798.4990 1.92263 1.92522
799.4990 1.92729 1.95352
800.4990 1.93314 1.91615
801.4990 1.94016 1.94945
802.4990 1.96283 2.00271
803.4990 1.96588 2.01309
804.4990 1.95844 2.00418
805.4990 2.0315 2.01313
806.4990 2.02912 2.07644
807.4990 2.05262 2.08889
808.4990 2.07207 2.08194
809.4990 2.10515 2.10618
810.4990 2.10972 2.10283
811.4990 2.14577 2.15379
812.4990 2.12555 2.14074
813.4990 2.14773 2.18224
814.4990 2.16586 2.20057
815.4990 2.21269 2.21445
816.4990 2.2233 2.21388
817.4990 2.25488 2.23999
818.4990 2.21912 2.27148
819.4990 2.25364 2.26008
820.4990 2.24663 2.25952
821.4990 2.26683 2.31904
822.4990 2.31509 2.33146
823.4990 2.34546 2.34698
824.4990 2.38486 2.39876
825.4990 -13.1936 -11.0079
826.4990 -120.28 -96.7817
827.4990 -143.213 -129.03
828.4990 -120.539 -89.1167
829.4990 -17.8524 -15.611
830.4990 5.97368 4.22585
831.4990 2.51057 3.07106
832.4990 3.27191 4.89902
833.4990 5.07828 4.17067
834.4990 3.16512 2.50112
835.4990 -0.675773 1.63201
836.4990 3.59857 2.47701
837.4990 5.44699 3.4693
838.4990 1.68983 1.94266
839.4990 0.657139 1.7389
840.4990 1.14158 1.50144
841.4990 -1.24387 -1.73568
842.4990 1.12715 3.19137
843.4990 1.1266 1.65343
844.4990 1.81717 2.41721
845.4990 2.45846 2.45852
846.4990 2.43785 2.43914
847.4990 2.45644 2.44343
848.4990 2.43285 2.41753
849.4990 2.40684 2.4556
850.4990 2.42206 2.41223
851.4990 2.41796 2.43949
852.4990 2.44159 2.43743
853.4990 2.39355 2.40815
854.4990 2.45038 2.41087
855.4990 2.41206 2.43821
856.4990 2.41887 2.42231
857.4990 2.42155 2.43322
858.4990 2.44306 2.43059
859.4990 2.44355 2.45033
860.4990 2.46765 2.42428
861.4990 2.46808 2.43027
862.4990 2.47249 2.47997
863.4990 2.47779 2.46878
864.4990 2.46492 2.47052
865.4990 2.49251 2.49114
866.4990 2.42074 2.46697
867.4990 2.44379 2.49236
868.4990 2.41493 2.47605
869.4990 2.43804 2.4579
870.4990 46.6917 60.2016
871.4990 14.1251 21.6548
872.4990 -29.5273 -31.8349
873.4990 -9.25242 -6.57926
874.4990 -2.00689 0.453931
875.4990 -3.69409 -3.54425
876.4990 -4.74817 -5.56405
877.4990 -3.34504 -3.67179
878.4990 2.21054 1.01231
879.4990 0.271715 0.525362
880.4990 -2.0104 -1.73468
881.4990 -3.14928 -3.35724
882.4990 -0.721528 -0.985442
883.4990 2.21018 2.12347
884.4990 0.765623 0.67117
885.4990 -3.63534 -4.83255
886.4990 0.382143 1.60438
887.4990 1.46992 2.0368
888.4990 0.66396 0.259818
889.4990 -0.995401 -0.392332
890.4990 2.5444 2.56842
891.4990 2.53748 2.57614
892.4990 2.52881 2.56978
893.4990 2.55516 2.58923
894.4990 2.53787 2.57862
895.4990 2.54163 2.58701
896.4990 2.53903 2.60732
897.4990 2.55424 2.60548
898.4990 2.60084 2.61008
899.4990 2.53779 2.55732
900.4990 2.56562 2.45522
901.4990 2.52984 2.36861
902.4990 2.641 2.58369
903.4990 2.60855 2.61709
904.4990 2.57562 2.61155
905.4990 2.61395 2.62175
906.4990 2.59824 2.63129
907.4990 2.6116 2.63604
908.4990 2.59427 2.63727
909.4990 2.62826 2.65481
910.4990 2.60309 2.65577
911.4990 2.61542 2.66279
912.4990 2.6295 2.68613
913.4990 2.61928 2.65756
914.4990 2.62369 2.64805
915.4990 2.55889 2.64992
916.4990 2.62426 2.6251
917.4990 2.46432 2.21039
918.4990 2.27049 1.86384
919.4990 2.28119 2.03971
920.4990 2.38378 2.06323
921.4990 2.39203 2.22415
922.4990 2.28482 1.97561
923.4990 2.33953 2.07107
924.4990 2.44934 2.22586
925.4990 2.39194 2.22395
926.4990 2.40827 2.1855
927.4990 2.39378 2.28416
928.4990 2.714 2.71797
929.4990 2.69275 2.73813
930.4990 2.69347 2.7018
931.4990 2.69951 2.73858
932.4990 2.72056 2.69246
933.4990 2.68501 2.68322
934.4990 2.68718 2.64849
935.4990 2.6902 2.65175
936.4990 2.66192 2.6631
937.4990 2.68885 2.64983
938.4990 2.6805 2.60382
939.4990 2.66555 2.63616
940.4990 2.6776 2.60382
941.4990 2.64368 2.60147
942.4990 2.67 2.64161
943.4990 21.2794 10.1749
944.4990 26.1215 12.447
945.4990 25.1343 16.3961
946.4990 26.3374 9.05753
947.4990 34.1545 8.41175
948.4990 23.8091 8.51088
949.4990 2.51209 2.57312
950.4990 2.53005 2.54891
951.4990 2.51499 2.51322
952.4990 2.45877 2.52482
953.4990 -7.82503 -4.21046
954.4990 -58.6914 -29.6501
955.4990 -13.6877 -7.20735
956.4990 -10.2106 -2.10957
957.4990 -11.0391 -5.542
958.4990 1.57583 1.52127
959.4990 2.9512 3.34794
960.4990 2.4536 2.44039
961.4990 2.45322 2.42206
962.4990 2.44555 2.38428
963.4990 2.42327 2.40332
964.4990 2.39321 2.40048
965.4990 2.39534 2.37893
966.4990 2.38942 2.38114
967.4990 2.37611 2.35045
968.4990 2.40197 2.36579
969.4990 2.39099 2.38211
970.4990 2.37877 2.37516
971.4990 2.34716 2.37609
972.4990 2.34279 2.34373
973.4990 2.342 2.31766
974.4990 2.30339 2.29056
975.4990 2.31156 2.31422
976.4990 2.27224 2.25991
977.4990 2.272 2.29713
978.4990 2.25331 2.27679
979.4990 2.2295 2.23024
980.4990 2.23243 2.26298
981.4990 2.21081 2.22182
982.4990 2.22527 2.19963
983.4990 2.19989 2.21837
984.4990 2.19729 2.21218
985.4990 2.19775 2.1837
986.4990 2.17222 2.19673
987.4990 2.16384 2.1697
988.4990 2.16561 2.19228
989.4990 2.17211 2.16845
990.4990 2.17215 2.19909
991.4990 2.18725 2.14011
992.4990 2.18478 2.14298
993.4990 2.16337 2.15131
994.4990 2.13955 2.1332
995.4990 2.17693 2.14154
996.4990 2.16845 2.16456
997.4990 2.14433 2.15405
998.4990 2.17265 2.15482
999.4990 2.18352 2.16217
1000.4990 2.18358 2.16048
1001.4990 2.1869 2.16903
1002.4990 2.22 2.17041
1003.4990 2.16677 2.19326
1004.4990 2.17818 2.21212
1005.4990 2.16632 2.17248
1006.4990 2.16356 2.21252
1007.4990 2.17956 2.20077
1008.4990 2.15298 2.2032
1009.4990 2.16517 2.23343
1010.4990 2.17094 2.19654
1011.4990 2.16285 2.22676
1012.4990 2.19909 2.21886
1013.4990 2.18965 2.22015
1014.4990 2.19879 2.19934
1015.4990 2.24061 2.25234
1016.4990 2.21956 2.21506
1017.4990 -0.251685 1.02385
1018.4990 -0.207167 1.05099
1019.4990 2.22012 2.24035
1020.4990 2.20752 2.19242
1021.4990 2.23546 2.2051
1022.4990 2.20294 2.21663
1023.4990 1.89276 1.92626
1024.4990 0.472032 0.663107
1025.4990 2.2392 2.277
1026.4990 2.25487 2.24228
1027.4990 2.26756 2.26533
1028.4990 2.2897 2.29736
1029.4990 2.29419 2.29827
1030.4990 2.32753 2.33545
1031.4990 2.33049 2.32247
1032.4990 2.36144 2.33342
1033.4990 2.36923 2.33462
1034.4990 2.40386 2.3557
1035.4990 2.37386 2.36518
1036.4990 2.36763 2.41581
1037.4990 2.4099 2.42208
1038.4990 2.40958 2.4051
1039.4990 2.46768 2.42623
1040.4990 2.44939 2.44007
1041.4990 2.45325 2.44012
1042.4990 2.46519 2.42913
1043.4990 2.45571 2.44123
1044.4990 2.47698 2.46362
1045.4990 2.46658 2.43795
1046.4990 2.47096 2.45174
1047.4990 2.46634 2.45141
1048.4990 2.48933 2.45176
1049.4990 2.49781 2.49083
1050.4990 2.48801 2.49347
1051.4990 2.50235 2.4868
1052.4990 2.48211 2.50435
1053.4990 2.48436 2.49666
1054.4990 2.48607 2.51491
1055.4990 2.51983 2.50388
1056.4990 2.51179 2.50862
1057.4990 2.53339 2.50014
1058.4990 2.4711 2.50386
1059.4990 2.49995 2.51727
1060.4990 2.52631 2.54802
1061.4990 2.5615 2.51167
1062.4990 2.53777 2.55809
1063.4990 2.54882 2.54668
1064.4990 2.53733 2.52656
1065.4990 2.57059 2.52975
1066.4990 2.57483 2.54442
1067.4990 2.5786 2.54079
1068.4990 2.59198 2.59021
1069.4990 2.55833 2.55303
1070.4990 2.58624 2.55065
1071.4990 2.57882 2.57706
1072.4990 2.58939 2.5661
1073.4990 2.61928 2.55449
1074.4990 2.57111 2.57074
1075.4990 2.61201 2.5527
1076.4990 2.59652 2.55965
1077.4990 2.56338 2.54414
1078.4990 2.5689 2.55485
1079.4990 2.56832 2.5251
1080.4990 2.55983 2.55666
1081.4990 2.5591 2.52385
1082.4990 2.52051 2.51021
1083.4990 -0.177418 -0.557475
1084.4990 1.67763 2.31939
1085.4990 -1.66893 -2.03954
1086.4990 1.43767 1.51498
1087.4990 3.32684 3.03311
1088.4990 2.28078 2.26591
1089.4990 2.36286 2.2899
1090.4990 2.44049 2.32613
1091.4990 2.41263 2.37588
1092.4990 2.41968 2.39924
1093.4990 2.43959 2.45467
1094.4990 2.43011 2.39643
1095.4990 2.43944 2.41492
1096.4990 2.39534 2.41665
1097.4990 2.37731 2.39121
1098.4990 2.42028 2.40084
1099.4990 2.3889 2.3563
1100.4990 2.88641 2.36562
1101.4990 2.79251 2.34881
1102.4990 2.80722 2.34869
1103.4990 2.79056 2.3334
1104.4990 2.36835 2.31091
1105.4990 2.31163 2.28314
1106.4990 2.27526 2.28858
1107.4990 2.26542 2.25586
1108.4990 2.27536 2.21795
1109.4990 2.24361 2.21795
1110.4990 2.20341 2.22579
1111.4990 2.20691 2.19053
1112.4990 2.18477 2.18064
1113.4990 2.15598 2.16534
1114.4990 2.12275 2.13459
1115.4990 2.13137 2.1054
1116.4990 2.13794 2.08678
1117.4990 2.09811 2.09485
1118.4990 2.06948 2.08293
1119.4990 2.10239 2.05321
1120.4990 2.072 2.02484
1121.4990 2.03442 2.01954
1122.4990 2.04828 2.0269
1123.4990 2.03023 2.0065
1124.4990 2.00625 1.97865
1125.4990 2.01044 2.02066
1126.4990 2.00026 2.00049
1127.4990 1.99001 1.97124
1128.4990 2.00738 1.95781
1129.4990 1.99044 1.95677
1130.4990 1.93756 1.93025
1131.4990 1.94958 1.94713
1132.4990 1.96705 1.89837
1133.4990 1.97646 1.91418
1134.4990 1.93357 1.93373
1135.4990 1.90859 1.88822
1136.4990 1.89722 1.88849
1137.4990 1.90302 1.86782
1138.4990 1.88006 1.85336
1139.4990 1.8933 1.87852
1140.4990 1.89924 1.87368
1141.4990 1.8875 1.84674
1142.4990 1.84869 1.86504
1143.4990 1.83483 1.8335
1144.4990 1.85675 1.81533
1145.4990 1.82534 1.81331
1146.4990 1.83855 1.81532
1147.4990 1.81078 1.79619
1148.4990 1.79921 1.75896
1149.4990 1.79184 1.78077
1150.4990 1.79827 1.774
1151.4990 1.75059 1.76645
1152.4990 1.80097 1.73154
1153.4990 1.80597 1.73559
1154.4990 1.76976 1.77735
1155.4990 1.75271 1.75436
1156.4990 1.76945 1.74342
1157.4990 1.75901 1.75405
1158.4990 1.7441 1.74695
1159.4990 1.75078 1.74564
1160.4990 1.77649 1.78868
1161.4990 1.73884 1.74845
1162.4990 1.67423 1.77633
1163.4990 1.78929 1.78711
1164.4990 1.80937 1.78631
1165.4990 1.7985 1.80441
1166.4990 1.77504 1.7945
1167.4990 1.77562 1.81483
1168.4990 1.80144 1.81833
1169.4990 1.82141 1.83525
1170.4990 1.78631 1.83441
1171.4990 1.78545 1.83336
1172.4990 1.81572 1.83713
1173.4990 1.76999 1.84655
1174.4990 1.49856 1.83859
1175.4990 0.478987 1.80817
1176.4990 2.29642 1.91528
1177.4990 3.24421 1.95078
1178.4990 1.86231 1.88057
1179.4990 1.86071 1.88822
1180.4990 1.86559 1.90849
1181.4990 1.88941 1.90323
1182.4990 1.89278 1.89525
1183.4990 1.89721 1.91028
1184.4990 1.90257 1.91632
1185.4990 1.89534 1.91753
1186.4990 1.90399 1.8952
1187.4990 1.89601 1.92071
1188.4990 1.89227 1.91015
1189.4990 1.92491 1.92219
1190.4990 1.89898 1.92831
1191.4990 1.91883 1.93503
1192.4990 1.88094 1.89784
1193.4990 1.94649 1.94591
1194.4990 1.92876 1.93088
1195.4990 1.92394 1.94821
1196.4990 1.95654 1.95097
1197.4990 1.94668 1.98509
1198.4990 1.94185 2.01577
1199.4990 1.94702 1.96463
1200.4990 1.98105 1.96068
1201.4990 2.00713 2.00444
1202.4990 1.98958 1.99267
1203.4990 2.01168 2.00091
1204.4990 1.97989 2.00528
1205.4990 2.02155 2.02071
1206.4990 1.9738 2.02648
1207.4990 2.00655 2.00176
1208.4990 2.00648 2.00712
1209.4990 2.01814 2.0379
1210.4990 2.02183 2.02682
1211.4990 2.07008 2.05296
1212.4990 2.06818 2.0824
1213.4990 2.12116 2.14268
1214.4990 2.14937 2.16397
1215.4990 2.22432 2.20786
1216.4990 2.04018 2.05703
1217.4990 2.01639 2.01894
1218.4990 1.8408 2.02054
1219.4990 1.9426 2.01324
1220.4990 1.86883 1.98891
1221.4990 1.84217 1.98615
1222.4990 1.77575 1.96563
1223.4990 1.9987 1.97295
1224.4990 1.99047 1.97491
1225.4990 1.923 1.9671
1226.4990 1.97124 1.98462
1227.4990 1.94599 1.96719
1228.4990 1.94071 1.97354
1229.4990 1.95113 1.95165
1230.4990 1.91942 1.9416
1231.4990 1.92995 1.90237
1232.4990 1.90102 1.93614
1233.4990 1.90929 1.90407
1234.4990 1.89734 1.90411
1235.4990 1.92757 1.89431
1236.4990 1.88723 1.87951
1237.4990 1.89661 1.8857
1238.4990 1.89943 1.88212
1239.4990 1.84661 1.84202
1240.4990 1.86973 1.86591
1241.4990 1.87226 1.88494
1242.4990 1.86678 1.86852
1243.4990 1.84428 1.85533
1244.4990 1.82543 1.86839
1245.4990 1.86236 1.82622
1246.4990 1.80338 1.85877
1247.4990 1.81202 1.84268
1248.4990 1.83053 1.81847
1249.4990 1.85976 1.8347
1250.4990 1.83219 1.83538
1251.4990 1.81317 1.82796
1252.4990 1.83261 1.81185
1253.4990 1.81726 1.78195
1254.4990 1.83178 1.84024
1255.4990 1.79584 1.8114
1256.4990 1.78622 1.81416
1257.4990 1.83192 1.79541
1258.4990 1.83564 1.82353
1259.4990 1.80442 1.7721
1260.4990 1.91562 1.81603
1261.4990 1.70546 1.80994
1262.4990 1.61478 1.78792
1263.4990 1.78465 1.80259
1264.4990 1.74148 1.78591
1265.4990 1.75494 1.80235
1266.4990 1.58036 1.81058
1267.4990 1.49086 1.81785
1268.4990 1.7316 1.80127
1269.4990 1.57356 1.7938
1270.4990 1.63083 1.80084
1271.4990 1.81736 1.82701
1272.4990 1.55457 1.80384
1273.4990 1.70036 1.82013
1274.4990 1.75006 1.83049
1275.4990 1.56834 1.83488
1276.4990 1.86868 1.81048
1277.4990 1.8343 1.84031
1278.4990 1.77619 1.83356
1279.4990 1.82783 1.83306
1280.4990 1.93477 1.83209
1281.4990 2.16452 1.86841
1282.4990 2.40079 1.86156
1283.4990 2.39427 1.8582
1284.4990 3.3834 1.94874
1285.4990 3.20034 1.92488
1286.4990 1.72831 1.86852
1287.4990 2.1187 1.88715
1288.4990 2.03708 1.89397
1289.4990 0.960851 1.82133
1290.4990 1.9513 1.95331
1291.4990 1.91707 1.90136
1292.4990 1.92959 1.94713
1293.4990 1.93242 1.94478
1294.4990 1.96084 1.95064
1295.4990 1.95205 1.94362
1296.4990 1.95989 1.9612
1297.4990 1.96112 1.96959
1298.4990 2.01015 1.96918
1299.4990 1.97905 1.9875
1300.4990 1.98774 1.97474
1301.4990 1.96465 1.98854
1302.4990 1.995 1.98214
1303.4990 1.99626 2.00061
1304.4990 1.9595 2.00695
1305.4990 1.99557 1.99225
1306.4990 2.00964 1.97831
1307.4990 1.98915 2.01114
1308.4990 2.01217 2.01058
1309.4990 1.99679 1.99285
1310.4990 2.01175 1.99663
1311.4990 2.03838 2.00616
1312.4990 2.00185 2.00577
1313.4990 2.03692 2.01119
1314.4990 2.01065 2.06143
1315.4990 2.02067 2.04441
1316.4990 2.06958 2.01389
1317.4990 2.09603 2.06848
1318.4990 2.07958 2.0483
1319.4990 2.07379 2.05714
1320.4990 2.06996 2.10648
1321.4990 2.10891 2.08869
1322.4990 2.1132 2.09533
1323.4990 2.09379 2.07532
1324.4990 2.12083 2.10538
1325.4990 2.10935 2.113
1326.4990 2.11606 2.1278
1327.4990 2.13915 2.12707
1328.4990 2.12687 2.11097
1329.4990 2.15163 2.1386
1330.4990 2.13976 2.08824
1331.4990 2.07188 2.09615
1332.4990 1.99179 2.11071
1333.4990 2.04969 2.09006
1334.4990 2.07133 2.09803
1335.4990 2.1078 2.11222
1336.4990 2.08057 2.08723
1337.4990 2.05378 2.0994
1338.4990 2.08056 2.09472
1339.4990 2.09992 2.06738
1340.4990 2.09747 2.08481
1341.4990 2.06484 2.07876
1342.4990 2.05307 2.04177
1343.4990 2.03859 2.01417
1344.4990 2.03834 2.00824
1345.4990 2.04073 2.03479
1346.4990 2.01254 2.01852
1347.4990 2.04494 2.07938
1348.4990 2.05319 2.06249
1349.4990 2.05258 2.04576
1350.4990 2.04341 2.02875
1351.4990 2.05021 2.03084
1352.4990 2.05172 2.03469
1353.4990 2.04103 2.052
1354.4990 2.02667 2.01862
1355.4990 2.01903 2.04293
1356.4990 2.00585 2.0198
1357.4990 2.03501 2.05251
1358.4990 2.0019 2.01915
1359.4990 1.98398 2.01259
1360.4990 1.98602 1.99736
1361.4990 1.97566 2.01444
1362.4990 2.01403 1.97319
1363.4990 1.99464 1.99922
1364.4990 1.95088 1.96152
1365.4990 1.95891 1.92631
1366.4990 1.9548 1.93778
1367.4990 1.9288 1.92567
1368.4990 1.91643 1.92112
1369.4990 1.90348 1.91194
1370.4990 1.9194 1.90761
1371.4990 1.91121 1.86841
1372.4990 1.8528 1.87701
1373.4990 1.85661 1.85646
1374.4990 1.83257 1.81885
1375.4990 1.82253 1.81574
1376.4990 1.82181 1.81165
1377.4990 1.79092 1.81896
1378.4990 1.77124 1.82212
1379.4990 1.78378 1.77395
1380.4990 1.7658 1.80962
1381.4990 1.77011 1.77823
1382.4990 1.80769 1.77902
1383.4990 1.7561 1.77045
1384.4990 1.75055 1.74861
1385.4990 1.7764 1.74822
1386.4990 1.75926 1.75456
1387.4990 1.76121 1.74333
1388.4990 1.73637 1.74399
1389.4990 1.73317 1.72104
1390.4990 1.7428 1.78053
1391.4990 1.74392 1.73336
1392.4990 1.73897 1.72339
1393.4990 1.7185 1.70455
1394.4990 1.73994 1.71751
1395.4990 1.72134 1.73328
1396.4990 1.71883 1.73272
1397.4990 1.69041 1.69627
1398.4990 1.6968 1.70315
1399.4990 1.68328 1.69182
1400.4990 1.65457 1.66493
1401.4990 1.64337 1.67054
1402.4990 1.67125 1.64406
1403.4990 1.64935 1.64187
1404.4990 1.62233 1.62183
1405.4990 1.65906 1.62957
1406.4990 1.60415 1.60101
1407.4990 1.60935 1.63234
1408.4990 1.60503 1.63192
1409.4990 1.61181 1.61025
1410.4990 1.61964 1.61816
1411.4990 1.58985 1.62569
1412.4990 1.59731 1.61981
1413.4990 1.59256 1.60426
1414.4990 1.61126 1.5987
1415.4990 1.61093 1.59853
1416.4990 1.64543 1.59468
1417.4990 1.59214 1.61443
1418.4990 1.62896 1.64501
1419.4990 1.61014 1.62268
1420.4990 1.63774 1.63742
1421.4990 1.6444 1.6404
1422.4990 1.65942 1.64317
1423.4990 1.66244 1.63039
1424.4990 1.65414 1.66978
1425.4990 1.69502 1.69943
1426.4990 1.65324 1.69558
1427.4990 1.669 1.70577
1428.4990 1.67134 1.69284
1429.4990 1.72088 1.70033
1430.4990 1.69527 1.70467
1431.4990 1.67908 1.70757
1432.4990 1.72684 1.68433
1433.4990 1.69691 1.73798
1434.4990 1.74118 1.73105
1435.4990 1.70496 1.72392
1436.4990 1.70684 1.7174
1437.4990 1.70855 1.74208
1438.4990 1.69285 1.73499
1439.4990 1.73088 1.70926
1440.4990 1.73451 1.74672
1441.4990 1.69277 1.73098
1442.4990 1.7247 1.73699
1443.4990 1.70678 1.73931
1444.4990 1.71413 1.73934
1445.4990 1.70257 1.77018
1446.4990 1.73206 1.77412
1447.4990 1.74234 1.7474
1448.4990 1.71348 1.77322
1449.4990 1.73305 1.79093
1450.4990 1.76885 1.78026
1451.4990 1.80099 1.78485
1452.4990 1.79777 1.81118
1453.4990 1.81379 1.82504
1454.4990 1.8392 1.84395
1455.4990 1.81143 1.84802
1456.4990 1.85725 1.83418
1457.4990 1.85751 1.85494
1458.4990 1.87954 1.89014
1459.4990 1.85177 1.88948
1460.4990 1.8911 1.89855
1461.4990 1.93031 1.92822
1462.4990 1.90085 1.92829
1463.4990 1.90572 1.96574
1464.4990 1.92653 1.92553
1465.4990 1.92454 1.97039
1466.4990 1.92822 1.98298
1467.4990 1.96658 1.95147
1468.4990 1.94258 1.97957
1469.4990 1.98124 1.99716
1470.4990 1.95854 1.98357
1471.4990 2.00424 2.00493
1472.4990 1.93632 1.91156
1473.4990 1.98869 1.95438
1474.4990 1.96105 1.9758
1475.4990 1.97141 1.98342
1476.4990 1.95551 1.99248
1477.4990 1.99724 2.00346
1478.4990 1.96592 1.98111
1479.4990 1.957 2.01366
1480.4990 1.98633 1.9948
1481.4990 1.9734 1.98284
1482.4990 1.99554 1.98273
1483.4990 1.99552 1.99273
1484.4990 1.97707 2.0101
1485.4990 1.95906 2.00604
1486.4990 2.00785 1.99234
1487.4990 1.99105 2.00761
1488.4990 1.99144 2.01699
1489.4990 1.9945 1.996
1490.4990 1.99209 2.01497
1491.4990 1.96811 2.00875
1492.4990 1.95411 2.00316
1493.4990 1.99034 1.98948
1494.4990 1.99171 1.99559
1495.4990 2.00115 1.98247
1496.4990 1.98297 1.96448
1497.4990 1.95847 1.97355
1498.4990 1.94849 1.96963
1499.4990 1.93305 1.9801
1500.4990 1.92883 1.94075
1501.4990 1.92904 1.91468
1502.4990 1.94853 1.96007
1503.4990 1.90687 1.93917
1504.4990 1.9358 1.94197
1505.4990 1.94511 1.91339
1506.4990 1.89777 1.89755
1507.4990 1.90738 1.89925
1508.4990 1.90096 1.90523
1509.4990 1.87085 1.88832
1510.4990 1.85763 1.88931
1511.4990 1.91953 1.85485
1512.4990 1.86503 1.83621
1513.4990 1.81338 1.82508
1514.4990 1.83639 1.85023
1515.4990 1.8373 1.83058
1516.4990 1.85678 1.80809
1517.4990 1.83492 1.77233
1518.4990 1.81676 1.7938
1519.4990 1.80117 1.78551
1520.4990 1.80294 1.80594
1521.4990 1.81103 1.80313
1522.4990 1.79204 1.80738
1523.4990 1.7955 1.76933
1524.4990 1.8206 1.7744
1525.4990 1.76993 1.80588
1526.4990 1.7714 1.8002
1527.4990 1.7795 1.79822
1528.4990 1.80659 1.79421
1529.4990 1.77747 1.73105
1530.4990 1.78113 1.74994
1531.4990 1.76312 1.74924
1532.4990 1.7427 1.71629
1533.4990 1.74712 1.73208
1534.4990 1.73529 1.7018
1535.4990 1.73412 1.75002
1536.4990 1.76142 1.75261
1537.4990 1.72422 1.71521
1538.4990 1.69489 1.71589
1539.4990 1.69424 1.72005
1540.4990 1.68691 1.73736
1541.4990 1.68267 1.7241
1542.4990 1.70187 1.68727
1543.4990 1.71177 1.71674
1544.4990 1.7055 1.68059
1545.4990 1.69031 1.68145
1546.4990 1.73857 1.68615
1547.4990 1.70873 1.71932
1548.4990 1.73616 1.69572
1549.4990 1.70218 1.73023
1550.4990 1.72645 1.69818
1551.4990 1.70873 1.71764
1552.4990 1.72529 1.71861
1553.4990 1.72777 1.70033
1554.4990 1.7527 1.76032
1555.4990 1.73024 1.7573
1556.4990 1.7334 1.75861
1557.4990 1.74329 1.76088
1558.4990 1.76227 1.80594
1559.4990 1.74009 1.75432
1560.4990 1.74174 1.75518
1561.4990 1.76085 1.72882
1562.4990 1.74107 1.78916
1563.4990 1.77822 1.75912
1564.4990 1.75643 1.76161
1565.4990 1.75117 1.79095
1566.4990 1.72734 1.77396
1567.4990 1.74087 1.76331
1568.4990 1.76825 1.77318
1569.4990 1.72959 1.73194
1570.4990 1.73502 1.7468
1571.4990 1.75475 1.76445
1572.4990 1.71048 1.73589
1573.4990 1.75022 1.73651
1574.4990 1.77659 1.73335
1575.4990 1.71098 1.74517
1576.4990 1.76504 1.76353
1577.4990 1.77502 1.75387
1578.4990 1.75145 1.76718
1579.4990 1.77358 1.75414
1580.4990 1.77687 1.78128
1581.4990 1.79741 1.7725
1582.4990 1.76523 1.82844
1583.4990 1.78553 1.82488
1584.4990 1.78996 1.82632
1585.4990 1.79152 1.81637
1586.4990 1.8563 1.81172
1587.4990 1.80392 1.82715
1588.4990 1.83007 1.82903
1589.4990 1.85105 1.8712
1590.4990 1.85961 1.84
1591.4990 1.85495 1.88478
1592.4990 1.85947 1.91535
1593.4990 1.83558 1.87793
1594.4990 1.86531 1.9105
1595.4990 1.8669 1.86647
1596.4990 1.89849 1.88527
1597.4990 1.8742 1.88833
1598.4990 1.91593 1.86669
1599.4990 1.88557 1.9403
1600.4990 1.80219 1.82074
1601.4990 1.83767 1.8489
1602.4990 1.82324 1.81518
1603.4990 1.87183 1.87324
1604.4990 1.86469 1.85867
1605.4990 1.86398 1.86495
1606.4990 1.84069 1.84765
1607.4990 1.83618 1.87967
1608.4990 1.87004 1.85715
1609.4990 1.83713 1.82318
1610.4990 1.84106 1.84023
1611.4990 1.84099 1.81684
1612.4990 1.83224 1.84486
1613.4990 1.79854 1.82577
1614.4990 1.78593 1.77971
1615.4990 1.82127 1.80592
1616.4990 1.80307 1.8009
1617.4990 1.7859 1.81738
1618.4990 1.76836 1.77238
1619.4990 1.77852 1.79049
1620.4990 1.82026 1.79971
1621.4990 1.82157 1.8118
1622.4990 1.81466 1.79905
1623.4990 1.79583 1.79349
1624.4990 1.78904 1.81296
1625.4990 1.77464 1.81804
1626.4990 1.7379 1.70558
1627.4990 1.76292 1.75743
1628.4990 1.76087 1.71699
1629.4990 1.73735 1.75063
1630.4990 1.71585 1.74386
1631.4990 1.72443 1.70587
1632.4990 1.71531 1.71609
1633.4990 1.6859 1.68767
1634.4990 1.68769 1.67761
1635.4990 1.6878 1.68042
1636.4990 1.67605 1.65318
1637.4990 1.67004 1.63845
1638.4990 1.6547 1.58506
1639.4990 1.62005 1.63706
1640.4990 1.59932 1.61163
1641.4990 1.59223 1.61301
1642.4990 1.59406 1.59475
1643.4990 1.59034 1.56773
1644.4990 1.58015 1.55572
1645.4990 1.54474 1.56522
1646.4990 1.56902 1.5168
1647.4990 1.53143 1.50501
1648.4990 1.53441 1.5362
1649.4990 1.50356 1.49237
1650.4990 1.51116 1.53645
1651.4990 1.51344 1.48198
1652.4990 1.47579 1.48577
1653.4990 1.5284 1.49138
1654.4990 1.50563 1.4545
1655.4990 1.47253 1.46105
1656.4990 1.45433 1.46089
1657.4990 1.47216 1.45476
1658.4990 1.44797 1.43967
1659.4990 1.45097 1.40307
1660.4990 1.44448 1.4286
1661.4990 1.44214 1.41447
1662.4990 1.43442 1.42626
1663.4990 1.38312 1.40595
1664.4990 1.4277 1.42611
1665.4990 1.43148 1.43654
1666.4990 1.39827 1.39832
1667.4990 1.41465 1.39994
1668.4990 1.42338 1.38971
1669.4990 1.4258 1.35716
1670.4990 1.41446 1.40358
1671.4990 1.41974 1.38141
1672.4990 1.42118 1.40109
1673.4990 1.41712 1.38431
1674.4990 1.41562 1.41014
1675.4990 1.42128 1.4043
1676.4990 1.40241 1.36949
1677.4990 1.40846 1.39242
1678.4990 1.41854 1.3907
1679.4990 1.44001 1.42264
1680.4990 1.43505 1.40945
1681.4990 1.43423 1.42277
1682.4990 1.43024 1.44167
1683.4990 1.432 1.43077
1684.4990 1.40087 1.41959
1685.4990 1.44408 1.45033
1686.4990 1.43582 1.42661
1687.4990 1.43196 1.46478
1688.4990 1.46183 1.43815
1689.4990 1.48915 1.43853
1690.4990 1.46399 1.4896
1691.4990 1.44733 1.43397
1692.4990 1.46192 1.46858
1693.4990 1.47046 1.46313
1694.4990 1.47585 1.49225
1695.4990 1.4787 1.48413
1696.4990 1.47922 1.48482
1697.4990 1.53121 1.53641
1698.4990 1.50679 1.52689
1699.4990 1.4924 1.51937
1700.4990 1.52103 1.55316
1701.4990 1.51569 1.57048
1702.4990 1.50625 1.59349
1703.4990 1.54981 1.57469
1704.4990 1.56717 1.58212
1705.4990 1.56578 1.60851
1706.4990 1.58791 1.61573
1707.4990 1.57754 1.6281
1708.4990 1.60477 1.61238
1709.4990 1.62318 1.63852
1710.4990 1.62002 1.66556
1711.4990 1.66332 1.67059
1712.4990 1.61165 1.69283
1713.4990 1.62819 1.67444
1714.4990 1.66941 1.7029
1715.4990 1.68099 1.68495
1716.4990 1.69103 1.69475
1717.4990 1.69391 1.70731
1718.4990 1.68275 1.71293
1719.4990 1.73053 1.74151
1720.4990 1.69728 1.71896
1721.4990 1.70061 1.71991
1722.4990 1.71023 1.75584
1723.4990 1.72472 1.74133
1724.4990 1.73435 1.74504
1725.4990 1.7111 1.77209
1726.4990 1.765 1.80536
1727.4990 1.76948 1.81912
1728.4990 1.97624 1.99224
1729.4990 1.96224 2.00437
1730.4990 1.65659 1.68222
1731.4990 1.68732 1.72519
1732.4990 1.71786 1.74945
1733.4990 1.73877 1.80144
1734.4990 1.73148 1.76819
1735.4990 1.71687 1.77962
1736.4990 1.74979 1.76492
1737.4990 1.73105 1.74404
1738.4990 1.72317 1.7384
1739.4990 1.70528 1.7441
1740.4990 1.74886 1.75395
1741.4990 1.72478 1.72966
1742.4990 1.70141 1.7163
1743.4990 1.70497 1.72936
1744.4990 1.72342 1.7213
1745.4990 1.74274 1.71681
1746.4990 1.6964 1.70662
1747.4990 1.70982 1.71314
1748.4990 1.65856 1.69739
1749.4990 1.71234 1.70299
1750.4990 1.67412 1.69697
1751.4990 1.65338 1.65937
1752.4990 1.63273 1.67286
1753.4990 1.67209 1.66026
1754.4990 1.65109 1.62581
1755.4990 1.6337 1.65962
1756.4990 1.63295 1.62224
1757.4990 1.62629 1.61171
1758.4990 1.60465 1.60034
1759.4990 1.60782 1.59511
1760.4990 1.59454 1.58626
1761.4990 1.60192 1.58346
1762.4990 1.55023 1.5598
1763.4990 1.53278 1.59164
1764.4990 1.53228 1.53859
1765.4990 1.52574 1.52687
1766.4990 1.51452 1.49863
1767.4990 1.51233 1.51422
1768.4990 1.4844 1.47568
1769.4990 1.4926 1.48418
1770.4990 1.46743 1.46561
1771.4990 1.47355 1.42468
1772.4990 1.45103 1.46853
1773.4990 1.45085 1.41007
1774.4990 1.42742 1.37795
1775.4990 1.41543 1.39732
1776.4990 1.41944 1.39056
1777.4990 1.40655 1.3763
1778.4990 1.39728 1.38346
1779.4990 1.36193 1.35245
1780.4990 1.3744 1.33018
1781.4990 1.32476 1.34739
1782.4990 1.34349 1.31171
1783.4990 1.32734 1.3245
1784.4990 1.32764 1.30503
1785.4990 1.30035 1.29512
1786.4990 1.26378 1.27602
1787.4990 1.29301 1.2752
1788.4990 1.2816 1.28811
1789.4990 1.26617 1.23309
1790.4990 1.25336 1.25358
1791.4990 1.26052 1.21522
1792.4990 1.22003 1.21564
1793.4990 1.235 1.21677
1794.4990 1.24694 1.21215
1795.4990 1.21938 1.21726
1796.4990 1.21446 1.20002
1797.4990 1.24623 1.2143
1798.4990 1.23554 1.2264
1799.4990 1.19509 1.1915
1800.4990 1.23705 1.19719
1801.4990 1.21979 1.19677
1802.4990 1.1862 1.18876
1803.4990 1.22616 1.20723
1804.4990 1.22129 1.21111
1805.4990 1.22593 1.24949
1806.4990 0.648688 0.74848
1807.4990 0.773908 0.866537
1808.4990 0.0508988 -0.0490616
1809.4990 -0.302049 -0.599459
1810.4990 -0.806337 -0.963922
1811.4990 -0.56258 -0.949914
1812.4990 -0.712895 -1.0179
1813.4990 -0.753389 -0.946169
1814.4990 -7.839 -9.21863
1815.4990 -8.18876 -9.42439
1816.4990 -1.35273 -1.35418
1817.4990 -1.23023 -1.13078
1818.4990 -1.30684 -1.1903
1819.4990 -2.82779 -2.76479
1820.4990 -2.41168 -2.52366
1821.4990 -2.33185 -2.41098
1822.4990 -1.95705 -1.9497
1823.4990 -1.18894 -1.05242
1824.4990 1.18622 1.19287
1825.4990 1.18836 1.25449
1826.4990 1.24375 1.26827
1827.4990 1.21631 1.28171
1828.4990 1.28957 1.29841
1829.4990 1.27872 1.29524
1830.4990 1.24807 1.28355
1831.4990 1.29043 1.31019
1832.4990 1.27734 1.29501
1833.4990 1.28895 1.29913
1834.4990 1.27617 1.31789
1835.4990 1.2725 1.35625
1836.4990 1.27266 1.33261
1837.4990 1.32092 1.32312
1838.4990 1.31811 1.35555
1839.4990 1.32197 1.38408
1840.4990 1.33401 1.37738
1841.4990 1.32821 1.37305
1842.4990 1.32637 1.37924
1843.4990 1.347 1.42202
1844.4990 1.36924 1.39115
1845.4990 1.36543 1.38352
1846.4990 2.02381 1.96659
1847.4990 -2.1997 -1.64184
1848.4990 -2.59463 -2.13909
1849.4990 -1.45302 -1.26762
1850.4990 -1.47914 -1.30465
1851.4990 0.535418 0.64015
1852.4990 1.2371 1.28347
1853.4990 1.75789 1.84466
1854.4990 1.96434 2.04549
1855.4990 1.55607 1.63639
1856.4990 1.85327 1.87097
1857.4990 2.08032 2.06984
1858.4990 1.24658 1.39599
1859.4990 1.51131 1.51893
1860.4990 1.75142 1.89448
1861.4990 2.2117 2.2865
1862.4990 1.91911 2.02063
1863.4990 2.05544 2.21472
1864.4990 1.44342 1.43879
1865.4990 1.4294 1.42652
1866.4990 1.43374 1.42698
1867.4990 1.43164 1.44974
1868.4990 1.44788 1.45218
1869.4990 1.44182 1.43329
1870.4990 1.42881 1.42745
1871.4990 1.45778 1.43435
1872.4990 1.42986 1.4489
1873.4990 1.44792 1.45403
1874.4990 1.44968 1.42347
1875.4990 1.47189 1.46616
1876.4990 1.47078 1.45473
1877.4990 1.43208 1.45861
1878.4990 1.46327 1.44109
1879.4990 1.45404 1.44215
1880.4990 1.45706 1.41457
1881.4990 1.45082 1.45651
1882.4990 1.45426 1.42362
1883.4990 1.29074 1.28778
1884.4990 1.41229 1.38824
1885.4990 1.41354 1.42871
1886.4990 1.38852 1.41425
1887.4990 1.39502 1.38897
1888.4990 1.37386 1.38038
1889.4990 1.38742 1.38855
1890.4990 1.35079 1.36488
1891.4990 1.40723 1.41881
1892.4990 1.45066 1.48035
1893.4990 1.35667 1.34601
1894.4990 1.33662 1.3242
1895.4990 1.33316 1.33141
1896.4990 1.32654 1.32625
1897.4990 1.33355 1.31601
1898.4990 1.31284 1.31285
1899.4990 1.33588 1.2903
1900.4990 1.30717 1.28378
1901.4990 1.27089 1.28158
1902.4990 1.28698 1.27699
1903.4990 1.28163 1.20961
1904.4990 1.23153 1.23075
1905.4990 1.25239 1.21725
1906.4990 1.2468 1.20245
1907.4990 1.22914 1.22737
1908.4990 1.22616 1.185
1909.4990 1.22006 1.19023
1910.4990 1.21975 1.20183
1911.4990 1.2133 1.20851
1912.4990 1.19904 1.16875
1913.4990 1.17021 1.16857
1914.4990 1.20968 1.18242
1915.4990 1.16773 1.1767
1916.4990 1.16594 1.15624
1917.4990 1.16973 1.16623
1918.4990 1.1439 1.17502
1919.4990 1.12406 1.09749
1920.4990 1.09262 1.04045
1921.4990 1.15058 1.12187
1922.4990 1.13406 1.12162
1923.4990 1.14324 1.1092
1924.4990 1.09894 1.08869
1925.4990 1.09357 1.10771
1926.4990 1.09202 1.10821
1927.4990 1.15527 1.09817
1928.4990 1.09096 1.10759
1929.4990 1.09362 1.10524
1930.4990 1.07915 1.14871
1931.4990 1.09725 1.13301
1932.4990 1.09023 1.10424
1933.4990 1.12451 1.12359
1934.4990 1.14078 1.11508
1935.4990 1.13331 1.1463
1936.4990 1.10947 1.14162
1937.4990 1.11244 1.17033
1938.4990 1.14152 1.15741
1939.4990 1.11525 1.15349
1940.4990 1.12269 1.14927
1941.4990 1.10696 1.20079
1942.4990 1.12736 1.16988
1943.4990 1.1477 1.19387
1944.4990 1.14152 1.20793
1945.4990 1.17888 1.2015
1946.4990 1.16653 1.23245
1947.4990 1.19797 1.22487
1948.4990 1.18807 1.23345
1949.4990 1.1684 1.22168
1950.4990 1.19299 1.26465
1951.4990 1.18818 1.26331
1952.4990 1.19504 1.27083
1953.4990 1.21556 1.25845
1954.4990 1.19926 1.25723
1955.4990 1.20925 1.25565
1956.4990 1.22569 1.26697
1957.4990 1.21599 1.26319
1958.4990 1.22864 1.24921
1959.4990 1.20489 1.2798
1960.4990 1.23968 1.28438
1961.4990 1.24456 1.26497
1962.4990 1.21418 1.31504
1963.4990 1.25792 1.31455
1964.4990 1.242 1.32234
1965.4990 1.26534 1.33764
1966.4990 1.3162 1.34373
1967.4990 1.28602 1.35926
1968.4990 1.28561 1.35427
1969.4990 1.3428 1.37607
1970.4990 1.34396 1.37602
1971.4990 1.35374 1.38437
1972.4990 1.35259 1.41606
1973.4990 1.3398 1.40813
1974.4990 1.34499 1.40746
1975.4990 1.35812 1.42013
1976.4990 1.32386 1.37286
1977.4990 1.30613 1.34334
1978.4990 1.25877 1.32229
1979.4990 1.3209 1.35872
1980.4990 1.35413 1.41272
1981.4990 1.47368 1.52746
1982.4990 1.58051 1.64184
1983.4990 1.4502 1.50181
1984.4990 1.51341 1.51008
1985.4990 1.40056 1.40659
1986.4990 1.40323 1.45448
1987.4990 1.3933 1.44401
1988.4990 1.35664 1.41255
1989.4990 1.34917 1.37673
1990.4990 1.35376 1.37935
1991.4990 1.34976 1.3763
1992.4990 1.34319 1.3712
1993.4990 1.3303 1.38955
1994.4990 1.32777 1.35489
1995.4990 1.33133 1.37418
1996.4990 1.36625 1.34538
1997.4990 1.32842 1.34461
1998.4990 1.33158 1.33038
1999.4990 1.32581 1.35614
2000.4990 1.3508 1.36482
2001.4990 1.34547 1.3466
2002.4990 1.31999 1.32955
2003.4990 1.32601 1.33544
2004.4990 1.35143 1.35245
2005.4990 1.31642 1.34921
2006.4990 1.31074 1.3671
2007.4990 1.34133 1.33502
2008.4990 1.3354 1.33766
2009.4990 1.33887 1.32914
2010.4990 1.34611 1.33507
2011.4990 1.32463 1.3229
2012.4990 1.29502 1.31866
2013.4990 1.32097 1.3208
2014.4990 1.29554 1.33552
2015.4990 1.30118 1.29703
2016.4990 1.30165 1.30343
2017.4990 1.29215 1.26723
2018.4990 1.29016 1.27565
2019.4990 1.2887 1.25586
2020.4990 1.2514 1.27581
2021.4990 1.27556 1.23897
2022.4990 1.27688 1.27091
2023.4990 1.25272 1.23321
2024.4990 1.19761 1.21941
2025.4990 1.22178 1.20977
2026.4990 1.21535 1.22292
2027.4990 1.19468 1.187
2028.4990 1.19055 1.21122
2029.4990 1.18976 1.18285
2030.4990 1.1809 1.15958
2031.4990 1.18509 1.14224
2032.4990 1.1684 1.16401
2033.4990 1.15573 1.13332
2034.4990 1.13736 1.13649
2035.4990 1.14862 1.11541
2036.4990 1.12268 1.11718
2037.4990 1.11329 1.104
2038.4990 1.13367 1.12676
2039.4990 1.11385 1.11404
2040.4990 1.12945 1.08569
2041.4990 1.11268 1.1101
2042.4990 1.08593 1.10126
2043.4990 1.10566 1.08475
2044.4990 1.07013 1.07709
2045.4990 1.08453 1.04685
2046.4990 1.04895 1.06686
2047.4990 1.06213 1.0435
2048.4990 1.07239 1.07981
2049.4990 1.0262 1.05192
2050.4990 1.03083 1.04803
2051.4990 1.04311 1.06143
2052.4990 1.01797 1.01928
2053.4990 1.03373 1.01831
2054.4990 1.01073 1.03513
2055.4990 1.04248 1.02662
2056.4990 1.01106 1.01399
2057.4990 1.03379 1.01788
2058.4990 1.01406 1.02528
2059.4990 1.01422 1.02674
2060.4990 1.02484 1.04602
2061.4990 1.01964 1.04308
2062.4990 1.01199 1.04638
2063.4990 1.04056 1.03049
2064.4990 1.03143 1.05239
2065.4990 1.00604 1.02555
2066.4990 1.02139 1.03527
2067.4990 1.06307 1.06786
2068.4990 1.07113 1.06075
2069.4990 1.12219 1.07878
2070.4990 1.08812 1.14811
2071.4990 1.1022 1.0779
2072.4990 1.06496 1.08318
2073.4990 1.08089 1.10013
2074.4990 1.12779 1.10612
2075.4990 1.10745 1.10697
2076.4990 1.11656 1.11541
2077.4990 1.07745 1.11475
2078.4990 1.15172 1.15934
2079.4990 1.12527 1.1769
2080.4990 1.15914 1.16576
2081.4990 1.13754 1.15115
2082.4990 1.15588 1.16046
2083.4990 1.18958 1.17462
2084.4990 1.17654 1.18766
2085.4990 1.19421 1.16948
2086.4990 1.17076 1.20351
2087.4990 1.15558 1.20315
2088.4990 1.16541 1.19753
2089.4990 1.20701 1.22066
2090.4990 1.19215 1.22418
2091.4990 1.24072 1.2208
2092.4990 1.20692 1.26443
2093.4990 1.24853 1.24635
2094.4990 1.23601 1.2582
2095.4990 1.24653 1.29653
2096.4990 1.24586 1.26208
2097.4990 1.2717 1.2873
2098.4990 1.27443 1.29611
2099.4990 1.30774 1.30146
2100.4990 1.32062 1.34903
2101.4990 1.32348 1.32212
2102.4990 1.31302 1.332
2103.4990 1.31587 1.34224
2104.4990 1.3047 1.35857
2105.4990 1.35124 1.35597
2106.4990 1.35322 1.35937
2107.4990 1.35313 1.392
2108.4990 1.32767 1.39794
2109.4990 1.36951 1.38694
2110.4990 1.28891 1.29954
2111.4990 1.36211 1.38572
2112.4990 1.55687 1.58962
2113.4990 1.4104 1.42299
2114.4990 1.57963 1.63107
2115.4990 1.55546 1.59822
2116.4990 1.32747 1.36223
2117.4990 1.3421 1.38106
2118.4990 1.33908 1.38725
2119.4990 1.33971 1.37743
2120.4990 1.32807 1.36589
2121.4990 1.35635 1.34181
2122.4990 1.34526 1.37175
2123.4990 1.35541 1.38442
2124.4990 1.31886 1.35921
2125.4990 1.32473 1.35087
2126.4990 1.31823 1.32319
2127.4990 1.35993 1.35479
2128.4990 1.33394 1.35896
2129.4990 1.30377 1.34346
2130.4990 1.36608 1.34809
2131.4990 1.32109 1.35774
2132.4990 1.34432 1.31418
2133.4990 1.34511 1.33329
2134.4990 1.31932 1.347
2135.4990 1.34774 1.32507
2136.4990 1.34406 1.33582
2137.4990 1.33878 1.35359
2138.4990 1.3368 1.33109
2139.4990 1.3267 1.32137
2140.4990 1.32221 1.37063
2141.4990 1.76469 1.69463
2142.4990 0.964602 0.957474
2143.4990 0.930451 0.948466
2144.4990 0.980412 1.02437
2145.4990 -0.110101 0.123171
2146.4990 0.881382 1.00168
2147.4990 0.961748 1.00279
2148.4990 1.03453 1.08873
2149.4990 1.11096 1.12071
2150.4990 1.11751 1.12374
2151.4990 1.33702 1.34247
2152.4990 1.34505 1.32463
2153.4990 1.41871 1.37862
2154.4990 1.33581 1.27465
2155.4990 1.2325 1.17302
2156.4990 1.1923 1.18098
2157.4990 1.16828 1.16907
2158.4990 1.18209 1.16942
2159.4990 1.18235 1.12426
2160.4990 1.15476 1.13475
2161.4990 1.16852 1.13789
2162.4990 1.15839 1.14432
2163.4990 1.13845 1.12682
2164.4990 1.15835 1.1148
2165.4990 0.55039 0.554907
2166.4990 0.682419 0.678825
2167.4990 1.62781 1.57332
2168.4990 1.14577 1.09278
2169.4990 1.10937 1.10227
2170.4990 1.13618 1.09981
2171.4990 1.12316 1.11292
2172.4990 1.09755 1.10854
2173.4990 1.13439 1.12832
2174.4990 1.13714 1.0972
2175.4990 1.12109 1.11816
2176.4990 1.09242 1.09175
2177.4990 1.13241 1.1116
2178.4990 1.1278 1.11081
2179.4990 1.12701 1.10658
2180.4990 1.11002 1.11363
2181.4990 1.13338 1.08302
2182.4990 1.10254 1.1043
2183.4990 1.11966 1.11342
2184.4990 1.10725 1.14621
2185.4990 1.12238 1.11438
2186.4990 1.13145 1.10071
2187.4990 1.11932 1.1228
2188.4990 1.12424 1.134
2189.4990 1.12844 1.12799
2190.4990 1.12581 1.12978
2191.4990 1.12199 1.11649
2192.4990 1.1147 1.12678
2193.4990 1.11935 1.12023
2194.4990 1.11102 1.14367
2195.4990 1.12834 1.16611
2196.4990 1.12257 1.15958
2197.4990 1.13518 1.15577
2198.4990 1.17401 1.15356
2199.4990 1.16275 1.17939
2200.4990 1.1842 1.19289
2201.4990 1.17701 1.16773
2202.4990 1.19546 1.20327
2203.4990 1.19507 1.21987
2204.4990 1.1917 1.21485
2205.4990 1.20722 1.21486
2206.4990 1.21646 1.24287
2207.4990 1.19596 1.25784
2208.4990 1.24216 1.26303
2209.4990 1.24514 1.30615
2210.4990 1.2497 1.27914
2211.4990 1.29014 1.31604
2212.4990 1.27582 1.32836
2213.4990 1.29216 1.3013
2214.4990 1.29678 1.33818
2215.4990 1.31994 1.32001
2216.4990 1.29747 1.32413
2217.4990 1.34017 1.34502
2218.4990 1.3096 1.37052
2219.4990 1.34914 1.37739
2220.4990 1.36409 1.37096
2221.4990 1.3468 1.39439
2222.4990 1.34601 1.37825
2223.4990 1.36824 1.38404
2224.4990 1.39987 1.36291
2225.4990 1.39917 1.4132
2226.4990 1.41345 1.38856
2227.4990 1.41776 1.40204
2228.4990 1.42606 1.40953
2229.4990 1.41131 1.41951
2230.4990 1.38338 1.4131
2231.4990 1.41075 1.43097
2232.4990 1.41541 1.4199
2233.4990 1.42187 1.43932
2234.4990 1.43245 1.4269
2235.4990 1.40366 1.43817
2236.4990 1.37528 1.40246
2237.4990 1.4238 1.40116
2238.4990 1.35755 1.38234
2239.4990 1.42124 1.39926
2240.4990 1.39273 1.39436
2241.4990 1.37149 1.41868
2242.4990 1.39626 1.4143
2243.4990 1.36146 1.39377
2244.4990 1.4057 1.37784
2245.4990 1.38422 1.38907
2246.4990 1.38478 1.40514
2247.4990 1.36344 1.38627
2248.4990 1.33702 1.37266
2249.4990 1.36643 1.34868
2250.4990 1.33706 1.35456
2251.4990 1.34251 1.33783
2252.4990 1.31977 1.30934
2253.4990 1.35883 1.33474
2254.4990 1.33381 1.36084
2255.4990 1.32852 1.3129
2256.4990 1.31949 1.3245
2257.4990 1.31117 1.28728
2258.4990 1.27264 1.28194
2259.4990 1.28671 1.29082
2260.4990 1.28823 1.28444
2261.4990 1.29938 1.28463
2262.4990 1.27673 1.25624
2263.4990 1.30595 1.23911
2264.4990 1.2972 1.24105
2265.4990 1.2609 1.22593
2266.4990 1.24669 1.21115
2267.4990 1.26245 1.2439
2268.4990 1.22781 1.20428
2269.4990 1.21943 1.19319
2270.4990 1.21867 1.20748
2271.4990 1.19887 1.18523
2272.4990 1.17952 1.16736
2273.4990 1.21275 1.18747
2274.4990 1.18725 1.15531
2275.4990 1.17835 1.13951
2276.4990 1.16373 1.14179
2277.4990 1.1633 1.12469
2278.4990 1.14634 1.10833
2279.4990 1.14418 1.11301
2280.4990 1.09975 1.11778
2281.4990 1.13961 1.0883
2282.4990 1.11145 1.08143
2283.4990 1.1099 1.08868
2284.4990 1.10555 1.05877
2285.4990 1.1094 1.03618
2286.4990 1.10133 1.02985
2287.4990 1.09447 1.0509
2288.4990 1.09572 1.01681
2289.4990 1.07478 1.0408
2290.4990 1.04364 1.01453
2291.4990 1.05608 0.990886
2292.4990 1.08228 1.0221
2293.4990 1.06998 1.04923
2294.4990 1.06132 1.02685
2295.4990 1.03022 1.01274
2296.4990 1.05738 0.988531
2297.4990 1.03986 0.977028
2298.4990 1.03796 1.01388
2299.4990 1.05769 0.990065
2300.4990 1.03227 0.998646
2301.4990 1.03741 1.0007
2302.4990 0.99883 1.00477
2303.4990 1.0582 1.02102
2304.4990 1.01015 0.987808
2305.4990 1.01431 1.0164
2306.4990 1.0219 0.974423
2307.4990 1.02428 1.01787
2308.4990 1.03148 0.996072
2309.4990 1.0637 1.03145
2310.4990 1.03502 1.04201
2311.4990 1.00693 1.01997
2312.4990 1.02935 1.00674
2313.4990 1.01951 1.01969
2314.4990 1.03232 1.04819
2315.4990 1.03363 1.03829
2316.4990 1.04993 1.04418
2317.4990 1.03781 1.06077
2318.4990 1.06291 1.06644
2319.4990 1.04525 1.06102
2320.4990 1.06535 1.08295
2321.4990 1.09639 1.05579
2322.4990 1.1096 1.09166
2323.4990 1.11885 1.12268
2324.4990 1.02932 1.03227
2325.4990 1.04457 1.04123
2326.4990 1.06248 1.09086
2327.4990 1.12398 1.14391
2328.4990 1.0966 1.12968
2329.4990 1.11411 1.13242
2330.4990 1.13389 1.11928
2331.4990 1.03449 1.0335
2332.4990 1.08473 1.11491
2333.4990 1.16811 1.17211
2334.4990 1.14678 1.18855
2335.4990 1.20649 1.1784
2336.4990 1.17767 1.1655
2337.4990 1.17576 1.18992
2338.4990 1.20162 1.1883
2339.4990 1.2303 1.21893
2340.4990 1.22192 1.22036
2341.4990 1.24808 1.23537
2342.4990 1.31931 1.32545
2343.4990 1.27196 1.28976
2344.4990 1.18387 1.19256
2345.4990 1.188 1.19718
2346.4990 1.24438 1.23568
2347.4990 1.25546 1.2497
2348.4990 1.27359 1.26986
2349.4990 1.27625 1.26584
2350.4990 1.29204 1.28205
2351.4990 1.17824 1.1787
2352.4990 1.29595 1.27875
2353.4990 1.32961 1.30967
2354.4990 1.30942 1.30515
2355.4990 1.32084 1.32151
2356.4990 1.35536 1.3175
2357.4990 1.3244 1.34741
2358.4990 1.38398 1.32624
2359.4990 1.35804 1.36696
2360.4990 1.34846 1.36627
2361.4990 1.37317 1.36242
2362.4990 1.4938 1.49267
2363.4990 1.30215 1.27423
2364.4990 1.25666 1.26412
2365.4990 1.27606 1.27405
2366.4990 1.40241 1.36384
2367.4990 1.3975 1.38934
2368.4990 1.30548 1.28891
2369.4990 1.35112 1.29664
2370.4990 1.30703 1.2991
2371.4990 1.16601 1.11833
2372.4990 1.37176 1.34103
2373.4990 1.36482 1.34275
2374.4990 1.35913 1.38066
2375.4990 1.35031 1.30697
2376.4990 1.35312 1.30493
2377.4990 1.33277 1.34249
2378.4990 1.3575 1.32994
2379.4990 1.35753 1.2899
2380.4990 1.346 1.30866
2381.4990 1.31955 1.27302
2382.4990 1.3145 1.29485
2383.4990 1.32238 1.29401
2384.4990 1.32462 1.25542
2385.4990 1.30614 1.25937
2386.4990 1.30855 1.24347
2387.4990 1.29341 1.24199
2388.4990 1.28447 1.24033
2389.4990 1.29199 1.2142
2390.4990 1.30349 1.21783
2391.4990 1.2836 1.2233
2392.4990 1.25201 1.22808
2393.4990 1.25867 1.18832
2394.4990 1.29741 1.21723
2395.4990 1.24475 1.19103
2396.4990 1.22495 1.19586
2397.4990 1.24166 1.19125
2398.4990 1.24709 1.15954
2399.4990 1.21705 1.18322
2400.4990 1.22249 1.16524
2401.4990 0.915825 1.07235
2402.4990 1.23132 1.32325
2403.4990 1.30677 1.37321
2404.4990 1.15181 1.16791
2405.4990 1.15216 1.15344
2406.4990 1.22346 1.31502
2407.4990 1.16749 1.23913
2408.4990 1.1669 1.13889
2409.4990 1.55636 1.29864
2410.4990 1.31608 1.29648
2411.4990 1.22943 1.31715
2412.4990 1.05286 0.933637
2413.4990 0.974144 0.771178
2414.4990 0.966671 0.770938
2415.4990 0.861415 0.550247
2416.4990 0.868743 0.706342
2417.4990 0.673636 0.471552
2418.4990 1.37927 0.988385
2419.4990 1.50931 1.068
2420.4990 0.541086 0.114006
2421.4990 0.345135 0.0256111
2422.4990 1.18017 0.609583
2423.4990 0.920604 0.307878
2424.4990 1.13962 0.327894
2425.4990 0.95737 0.203791
2426.4990 2.31014 1.58092
2427.4990 2.73511 2.15664
2428.4990 1.93692 1.41682
2429.4990 1.29271 0.787779
2430.4990 0.883794 0.631941
2431.4990 1.56518 1.10347
2432.4990 1.34325 0.946473
2433.4990 1.54871 1.11351
2434.4990 0.847923 0.837634
2435.4990 0.980575 0.841842
2436.4990 1.49494 1.0686
2437.4990 0.949982 0.96741
2438.4990 0.988848 0.903535
2439.4990 1.06388 0.94494
2440.4990 0.811451 0.63008
2441.4990 1.27198 1.02336
2442.4990 0.79783 0.684799
2443.4990 0.92348 0.658313
2444.4990 1.20429 0.931884
2445.4990 -0.11303 0.314773
2446.4990 0.084978 0.530742
2447.4990 0.402625 0.691697
2448.4990 0.48679 0.616341
2449.4990 0.310233 0.563259
2450.4990 0.352593 0.587764
2451.4990 0.495086 0.642965
2452.4990 0.573417 0.83193
2453.4990 -0.18221 0.0146148
2454.4990 -0.0617777 0.195831
2455.4990 -0.0312322 0.126291
2456.4990 0.142284 0.265995
2457.4990 0.499699 0.956816
2458.4990 0.76473 1.0461
2459.4990 -0.248922 0.0352231
2460.4990 -0.236316 0.0267291
2461.4990 0.711031 0.641709
2462.4990 0.944808 0.492839
2463.4990 0.681341 0.519567
2464.4990 0.637069 0.550901
2465.4990 1.33255 0.960491
2466.4990 1.09166 0.979415
2467.4990 0.867943 0.453772
2468.4990 0.81035 0.4435
2469.4990 1.05279 0.692021
2470.4990 1.10978 0.783456
2471.4990 0.915915 0.493889
2472.4990 0.888042 0.5803
2473.4990 1.34658 1.10212
2474.4990 1.25433 1.1035
2475.4990 1.34064 1.16445
2476.4990 1.38405 1.20441
2477.4990 2.06353 2.12374
2478.4990 1.99748 2.36535
2479.4990 1.31229 1.62386
2480.4990 1.5594 1.70992
2481.4990 1.30553 1.26245
2482.4990 1.33256 1.23817
2483.4990 1.28028 1.27568
2484.4990 1.29453 1.26247
2485.4990 1.28397 1.2463
2486.4990 1.28015 1.27696
2487.4990 1.30421 1.27621
2488.4990 1.30002 1.24562
2489.4990 1.31595 1.27026
2490.4990 1.2959 1.27846
2491.4990 1.27177 1.27108
2492.4990 1.27081 1.27119
2493.4990 1.28639 1.23731
2494.4990 1.32438 1.29139
2495.4990 1.32878 1.31809
2496.4990 1.23538 1.15875
2497.4990 1.24451 1.16863
2498.4990 1.21818 1.19432
2499.4990 1.22439 1.21924
2500.4990 1.21565 1.21584
2501.4990 1.23044 1.2002
2502.4990 1.20429 1.18471
2503.4990 1.21004 1.17776
2504.4990 1.21969 1.17874
2505.4990 1.21868 1.19892
2506.4990 1.20603 1.16436
2507.4990 1.20515 1.13606
2508.4990 1.1975 1.11296
2509.4990 1.21234 1.14144
2510.4990 1.17688 1.1084
2511.4990 1.17099 1.10003
2512.4990 1.16345 1.10668
2513.4990 1.14322 1.11547
2514.4990 1.12876 1.09807
2515.4990 1.13199 1.08493
2516.4990 1.14527 1.08704
2517.4990 1.13237 1.08719
2518.4990 1.16073 1.08216
2519.4990 1.10994 1.06679
2520.4990 1.12008 1.04178
2521.4990 1.0964 1.03149
2522.4990 1.12628 1.04923
2523.4990 1.10394 1.05526
2524.4990 1.0972 1.02307
2525.4990 1.07564 1.00492
2526.4990 1.07135 0.992008
2527.4990 1.06456 0.997637
2528.4990 1.08737 1.00667
2529.4990 1.02274 0.99263
2530.4990 1.06562 0.997114
2531.4990 1.00682 0.944036
2532.4990 1.01366 0.964921
2533.4990 1.00637 0.961127
2534.4990 0.9897 0.93119
2535.4990 1.03532 0.955956
2536.4990 0.995949 0.921721
2537.4990 0.982774 0.938548
2538.4990 0.986209 0.931778
2539.4990 0.95185 0.929298
2540.4990 0.955319 0.934019
2541.4990 0.948296 0.938014
2542.4990 0.946037 0.888759
2543.4990 0.931968 0.886754
2544.4990 0.955823 0.876147
2545.4990 0.918953 0.870354
2546.4990 0.927392 0.889835
2547.4990 0.939922 0.898959
2548.4990 0.938703 0.891034
2549.4990 0.93192 0.891919
2550.4990 0.921807 0.880805
2551.4990 0.943547 0.897174
2552.4990 0.925187 0.901065
2553.4990 0.957968 0.902463
2554.4990 0.938805 0.919091
2555.4990 0.911154 0.91065
2556.4990 0.94428 0.91263
2557.4990 0.959169 0.942581
2558.4990 0.940549 0.934517
2559.4990 0.950839 0.927089
2560.4990 0.964169 0.962308
2561.4990 0.916473 0.927724
2562.4990 0.95052 0.919107
2563.4990 0.987345 0.953163
2564.4990 0.955703 0.931475
2565.4990 0.967588 0.912947
2566.4990 0.970716 0.944876
2567.4990 0.988599 0.951214
2568.4990 0.962125 0.933331
2569.4990 0.972146 0.956276
2570.4990 0.976675 0.954688
2571.4990 0.986647 0.986295
2572.4990 0.997925 0.982684
2573.4990 1.01449 0.960643
2574.4990 0.967648 0.987222
2575.4990 0.970005 0.964109
2576.4990 0.995128 0.959599
2577.4990 0.971664 0.993629
2578.4990 1.01832 0.993383
2579.4990 1.02448 0.984254
2580.4990 1.00274 0.999256
2581.4990 0.995188 0.996478
2582.4990 1.01584 1.02254
2583.4990 1.00925 1.03086
2584.4990 1.0311 1.01783
2585.4990 1.0456 1.04079
2586.4990 1.02384 1.02937
2587.4990 1.04482 1.02979
2588.4990 1.04545 1.03457
2589.4990 1.05797 1.04974
2590.4990 1.07794 1.05654
2591.4990 1.05671 1.04603
2592.4990 1.0772 1.06695
2593.4990 1.08519 1.07852
2594.4990 1.06103 1.1043
2595.4990 1.10534 1.09735
2596.4990 1.07182 1.08305
2597.4990 1.08836 1.07956
2598.4990 1.11606 1.10586
2599.4990 1.12308 1.11356
2600.4990 1.13229 1.10451
2601.4990 1.10953 1.10614
2602.4990 1.14624 1.11675
2603.4990 1.12484 1.12285
2604.4990 1.14425 1.11022
2605.4990 1.14207 1.13247
2606.4990 1.11045 1.16659
2607.4990 1.13723 1.09762
2608.4990 1.19737 1.12967
2609.4990 1.16188 1.1382
2610.4990 1.16337 1.13336
2611.4990 1.17481 1.15756
2612.4990 1.17278 1.13598
2613.4990 1.1449 1.13608
2614.4990 1.17233 1.133
2615.4990 1.14881 1.15698
2616.4990 1.17962 1.13227
2617.4990 1.16623 1.15799
2618.4990 1.16648 1.12496
2619.4990 1.19018 1.13645
2620.4990 1.19804 1.15737
2621.4990 1.19041 1.12776
2622.4990 1.20448 1.18904
2623.4990 1.22088 1.17269
2624.4990 1.10734 1.09396
2625.4990 1.13614 1.07793
2626.4990 1.1357 1.10563
2627.4990 1.16142 1.15591
2628.4990 1.16402 1.14806
2629.4990 1.13899 1.15924
2630.4990 1.15421 1.12497
2631.4990 1.13435 1.08589
2632.4990 1.15119 1.10048
2633.4990 1.17826 1.11519
2634.4990 1.15668 1.11967
2635.4990 1.14301 1.12712
2636.4990 1.13144 1.14781
2637.4990 1.16085 1.14153
2638.4990 1.15362 1.12987
2639.4990 1.13337 1.10008
2640.4990 1.12685 1.09532
2641.4990 1.15894 1.09464
2642.4990 1.11692 1.06902
2643.4990 1.14369 1.04046
2644.4990 1.14396 1.09884
2645.4990 1.15575 1.06231
2646.4990 1.13027 1.06472
2647.4990 1.11516 1.08659
2648.4990 1.11762 1.08548
2649.4990 1.10244 1.07867
2650.4990 1.11622 1.03676
2651.4990 1.09948 1.05395
2652.4990 1.11099 1.04873
2653.4990 1.09411 1.06676
2654.4990 1.08452 1.04574
2655.4990 1.09094 1.01506
2656.4990 1.07172 1.04179
2657.4990 1.0989 1.02485
2658.4990 1.08224 1.02848
2659.4990 1.05974 1.01199
2660.4990 1.05398 1.01765
2661.4990 1.04628 1.01278
2662.4990 1.06359 1.00473
2663.4990 1.06612 1.0282
2664.4990 1.04295 0.9978
2665.4990 1.03608 0.996809
2666.4990 1.04819 0.982463
2667.4990 1.02245 0.997219
2668.4990 1.01764 1.00729
2669.4990 1.0104 0.952802
2670.4990 1.04335 1.01029
2671.4990 1.01907 0.975466
2672.4990 1.01041 0.959044
2673.4990 0.999648 1.00221
2674.4990 1.01099 0.992504
2675.4990 1.0209 0.96944
2676.4990 1.01842 0.98621
2677.4990 0.983764 0.97507
2678.4990 1.02434 0.982513
2679.4990 1.00741 0.9847
2680.4990 0.989407 0.952697
2681.4990 1.01687 0.973366
2682.4990 1.03557 1.00166
2683.4990 1.00825 1.01108
2684.4990 1.01083 0.965954
2685.4990 1.00002 1.00786
2686.4990 1.03625 1.00758
2687.4990 1.02042 0.978397
2688.4990 1.0552 0.998468
2689.4990 1.00416 0.998258
2690.4990 0.985004 1.04486
2691.4990 1.04396 0.985766
2692.4990 1.01571 1.02137
2693.4990 1.01699 1.0323
2694.4990 1.02917 1.01284
2695.4990 1.03093 0.999366
2696.4990 1.03767 1.05354
2697.4990 1.04929 1.06206
2698.4990 1.03328 1.04622
2699.4990 1.02488 1.03061
2700.4990 1.04245 1.03449
2701.4990 1.05905 1.05674
2702.4990 1.08101 1.05512
2703.4990 1.0463 1.03074
2704.4990 1.06297 1.05729
2705.4990 1.06295 1.04668
2706.4990 1.05812 1.07124
2707.4990 1.08364 1.06594
2708.4990 1.08352 1.10019
2709.4990 1.09239 1.0548
2710.4990 1.06432 1.06566
2711.4990 1.08028 1.08093
2712.4990 1.10913 1.09405
2713.4990 1.08747 1.062
2714.4990 1.09835 1.11366
2715.4990 1.08476 1.08759
2716.4990 1.10329 1.08653
2717.4990 1.09013 1.11392
2718.4990 1.11174 1.09173
2719.4990 1.10848 1.11909
2720.4990 1.12332 1.10861
2721.4990 1.09808 1.09678
2722.4990 1.10066 1.10055
2723.4990 1.0812 1.13885
2724.4990 1.07009 1.12959
2725.4990 1.11153 1.11985
2726.4990 1.11439 1.1064
2727.4990 1.14022 1.09805
2728.4990 1.11603 1.1222
2729.4990 1.09623 1.1266
2730.4990 1.09427 1.10097
2731.4990 1.12795 1.12695
2732.4990 1.11069 1.12275
2733.4990 1.09054 1.08822
2734.4990 1.10422 1.08716
2735.4990 1.10659 1.10367
2736.4990 1.08429 1.0727
2737.4990 1.11368 1.1022
2738.4990 1.10795 1.07943
2739.4990 1.10316 1.07531
2740.4990 1.11174 1.05208
2741.4990 1.08232 1.05661
2742.4990 1.08633 1.06029
2743.4990 1.06403 1.08809
2744.4990 1.09203 1.07244
2745.4990 1.0903 1.05561
2746.4990 1.08664 1.07845
2747.4990 1.12031 1.04475
2748.4990 1.08213 1.05476
2749.4990 1.08885 1.04742
2750.4990 1.09097 1.07537
2751.4990 1.10939 1.10579
2752.4990 1.0412 1.0728
2753.4990 1.08122 1.08241
2754.4990 1.0533 1.03726
2755.4990 1.03033 1.03051
2756.4990 1.05744 1.04958
2757.4990 1.0272 1.02671
2758.4990 1.00717 1.01712
2759.4990 1.04665 1.03343
2760.4990 0.988591 1.03088
2761.4990 1.00721 0.987729
2762.4990 1.01375 1.00038
2763.4990 1.00683 1.00687
2764.4990 0.962414 0.994565
2765.4990 1.01784 0.971732
2766.4990 0.999834 0.99099
2767.4990 1.00116 0.951971
2768.4990 0.973663 0.969364
2769.4990 0.95 0.933599
2770.4990 0.956461 0.953023
2771.4990 0.976738 0.91588
2772.4990 0.931724 0.935959
2773.4990 0.970839 0.923167
2774.4990 0.916063 0.935103
2775.4990 0.944583 0.897849
2776.4990 0.908482 0.918837
2777.4990 0.93534 0.901458
2778.4990 0.911391 0.890112
2779.4990 0.875684 0.858145
2780.4990 0.88469 0.846524
2781.4990 0.886415 0.866519
2782.4990 0.914502 0.90256
2783.4990 0.877096 0.891669
2784.4990 0.884112 0.869236
2785.4990 0.881246 0.846196
2786.4990 0.885768 0.843318
2787.4990 0.867339 0.844734
2788.4990 0.831079 0.862957
2789.4990 0.840413 0.818311
2790.4990 0.834459 0.832114
2791.4990 0.830036 0.8318
2792.4990 0.818152 0.822803
2793.4990 0.841398 0.810154
2794.4990 0.803919 0.807362
2795.4990 0.81416 0.793284
2796.4990 0.833077 0.794146
2797.4990 0.813118 0.801634
2798.4990 0.809205 0.778652
2799.4990 0.799574 0.799585
2800.4990 0.797498 0.789868
2801.4990 0.793077 0.761719
2802.4990 0.789729 0.782301
2803.4990 0.772883 0.774138
2804.4990 0.789168 0.778614
2805.4990 0.755113 0.782846
2806.4990 0.795575 0.777546
2807.4990 0.76423 0.772404
2808.4990 0.778014 0.765219
2809.4990 0.772377 0.786021
2810.4990 0.78612 0.793415
2811.4990 0.794119 0.788107
2812.4990 0.785517 0.807724
2813.4990 0.774678 0.799639
2814.4990 0.766646 0.817395
2815.4990 0.785752 0.807899
2816.4990 0.802497 0.827891
2817.4990 0.833483 0.823412
2818.4990 0.822018 0.816928
2819.4990 0.813571 0.854064
2820.4990 0.820752 0.823097
2821.4990 0.826937 0.854573
2822.4990 0.840613 0.863312
2823.4990 0.797568 0.834582
2824.4990 0.829656 0.895757
2825.4990 0.854686 0.869469
2826.4990 0.8647 0.893763
2827.4990 0.857409 0.880877
2828.4990 0.874765 0.909133
2829.4990 0.890608 0.889838
2830.4990 0.880969 0.884979
2831.4990 0.896309 0.901695
2832.4990 0.892764 0.924624
2833.4990 0.899775 0.921536
2834.4990 0.895053 0.903709
2835.4990 0.890446 0.912044
2836.4990 0.916331 0.939901
2837.4990 0.92004 0.933686
2838.4990 0.91752 0.94953
2839.4990 0.921186 0.934897
2840.4990 0.913949 0.940822
2841.4990 0.919279 0.971947
2842.4990 0.920061 0.947304
2843.4990 0.954214 0.977929
2844.4990 0.932567 0.962676
2845.4990 0.970889 1.00873
2846.4990 0.931257 1.01311
2847.4990 0.983381 0.983044
2848.4990 0.982226 0.999972
2849.4990 0.975879 0.992256
2850.4990 0.984835 1.03237
2851.4990 0.997154 1.03533
2852.4990 0.988439 1.00284
2853.4990 1.0263 1.06218
2854.4990 0.993344 1.05625
2855.4990 1.01411 1.05504
2856.4990 1.0139 1.05838
2857.4990 1.03353 1.07052
2858.4990 1.04292 1.05732
2859.4990 1.01763 1.05851
2860.4990 1.03096 1.07234
2861.4990 1.04801 1.09662
2862.4990 1.0653 1.09095
2863.4990 1.02797 1.09739
2864.4990 1.04831 1.07189
2865.4990 1.06604 1.09642
2866.4990 1.0575 1.07865
2867.4990 1.05763 1.10244
2868.4990 1.05969 1.07924
2869.4990 1.0725 1.08594
2870.4990 1.09023 1.10728
2871.4990 1.06828 1.10411
2872.4990 1.08542 1.08725
2873.4990 1.09863 1.09674
2874.4990 1.08708 1.06913
2875.4990 1.07535 1.06253
2876.4990 1.06713 1.09233
2877.4990 1.06518 1.10033
2878.4990 1.09394 1.07634
2879.4990 1.06271 1.09285
2880.4990 0.997419 0.994056
2881.4990 1.01654 1.04636
2882.4990 1.01362 1.06011
2883.4990 1.06355 1.09199
2884.4990 1.00485 1.11159
2885.4990 1.06537 1.0976
2886.4990 1.05722 1.05605
2887.4990 1.06327 1.08442
2888.4990 1.03559 1.08682
2889.4990 1.05324 1.05394
2890.4990 1.06075 1.07437
2891.4990 1.04777 1.03776
2892.4990 1.06959 1.09192
2893.4990 1.06481 1.05605
2894.4990 1.04162 1.03349
2895.4990 1.03436 1.06161
2896.4990 1.05022 1.06191
2897.4990 1.02816 1.03259
2898.4990 1.04761 1.02365
2899.4990 1.02939 1.06535
2900.4990 1.02651 1.03186
2901.4990 0.988226 1.03329
2902.4990 1.00704 1.01954
2903.4990 1.01535 0.985233
2904.4990 0.992483 1.0019
2905.4990 1.02389 1.00525
2906.4990 0.996446 1.01648
2907.4990 0.999814 1.00209
2908.4990 0.987405 1.00614
2909.4990 1.00172 0.974676
2910.4990 0.999195 0.970626
2911.4990 0.98518 0.99047
2912.4990 0.988975 1.00368
2913.4990 0.983552 0.97785
2914.4990 0.998861 0.94728
2915.4990 0.984899 0.939646
2916.4990 0.943084 0.985455
2917.4990 0.959103 0.993935
2918.4990 0.953599 0.953269
2919.4990 0.926852 0.953381
2920.4990 0.933874 0.958909
2921.4990 0.928407 0.923546
2922.4990 0.910239 0.948375
2923.4990 0.900765 0.947392
2924.4990 0.920186 0.927502
2925.4990 0.893928 0.954619
2926.4990 0.907589 0.937395
2927.4990 0.925485 0.921394
2928.4990 0.900072 0.908956
2929.4990 0.903552 0.929713
2930.4990 0.86261 0.887128
2931.4990 0.912965 0.892797
2932.4990 0.874637 0.891014
2933.4990 0.875118 0.888421
2934.4990 0.88158 0.876067
2935.4990 0.888402 0.869079
2936.4990 0.860425 0.896326
2937.4990 0.864264 0.885394
2938.4990 0.89972 0.883321
2939.4990 0.898646 0.908827
2940.4990 0.873936 0.880074
2941.4990 0.904634 0.867073
2942.4990 0.854796 0.909693
2943.4990 0.891643 0.910323
2944.4990 0.905524 0.904746
2945.4990 0.886449 0.924282
2946.4990 0.899136 0.910127
2947.4990 0.889371 0.897188
2948.4990 0.900054 0.948015
2949.4990 0.907142 0.938769
2950.4990 0.929152 0.947951
2951.4990 0.892389 0.943131
2952.4990 0.93679 0.941092
2953.4990 0.928669 0.927248
2954.4990 0.91504 0.94546
2955.4990 0.954095 0.936396
2956.4990 0.924406 0.951835
2957.4990 0.917514 0.928709
2958.4990 0.93264 0.961098
2959.4990 0.946087 0.984492
2960.4990 0.923404 0.949881
2961.4990 0.912847 0.957665
2962.4990 0.937456 0.951518
2963.4990 0.92889 0.985649
2964.4990 0.950783 0.916578
2965.4990 0.940488 0.951255
2966.4990 0.918122 0.959041
2967.4990 0.930564 0.94844
2968.4990 0.911819 0.933453
2969.4990 0.941231 0.941223
2970.4990 0.879286 0.944768
2971.4990 0.925214 0.952348
2972.4990 0.943417 0.94005
2973.4990 0.895902 0.960184
2974.4990 0.899791 0.963794
2975.4990 0.927442 0.932582
2976.4990 0.887044 0.943525
2977.4990 0.905435 0.957759
2978.4990 0.893517 0.942271
2979.4990 0.919124 0.924685
2980.4990 0.904793 0.961924
2981.4990 0.916883 0.920793
2982.4990 0.889609 0.965506
2983.4990 0.928943 0.963705
2984.4990 0.890675 0.969004
2985.4990 0.947195 0.966986
2986.4990 0.930199 0.952499
2987.4990 0.919918 0.966665
2988.4990 0.902582 0.942428
2989.4990 0.923701 0.953078
2990.4990 0.932063 0.956817
2991.4990 0.907025 0.945918
2992.4990 0.872654 0.951799
2993.4990 0.889539 0.932646
2994.4990 0.904111 0.9253
2995.4990 0.870367 0.893302
2996.4990 0.883114 0.903434
2997.4990 0.885351 0.918191
2998.4990 0.892145 0.910173
2999.4990 0.861375 0.90446
3000.4990 0.864521 0.930536
3001.4990 0.895132 0.888348
3002.4990 0.881438 0.889876
3003.4990 0.883714 0.908992
3004.4990 0.88446 0.902078
3005.4990 0.930554 0.949995
3006.4990 0.966947 0.951724
3007.4990 0.969037 1.02652
3008.4990 0.863225 0.900067
3009.4990 0.839928 0.872335
3010.4990 0.819564 0.869177
3011.4990 0.849118 0.845014
3012.4990 0.855844 0.851915
3013.4990 0.865776 0.86968
3014.4990 0.82118 0.859002
3015.4990 0.835281 0.87541
3016.4990 0.838125 0.888495
3017.4990 0.829529 0.86137
3018.4990 0.836325 0.876985
3019.4990 0.816866 0.843677
3020.4990 0.835766 0.845081
3021.4990 0.815024 0.859327
3022.4990 0.853205 0.844394
3023.4990 0.810742 0.842918
3024.4990 0.784289 0.867175
3025.4990 0.793958 0.82647
3026.4990 0.810548 0.856377
3027.4990 0.848743 0.862324
3028.4990 0.79622 0.83809
3029.4990 0.84577 0.847964
3030.4990 0.828954 0.826152
3031.4990 0.821379 0.84111
3032.4990 0.813926 0.838629
3033.4990 0.802924 0.852934
3034.4990 0.811643 0.814777
3035.4990 0.845954 0.816909
3036.4990 0.788403 0.825501
3037.4990 0.796721 0.829031
3038.4990 0.806336 0.824516
3039.4990 0.818428 0.872898
3040.4990 0.778544 0.819388
3041.4990 0.788117 0.837696
3042.4990 0.756573 0.829423
3043.4990 0.798907 0.803965
3044.4990 0.779993 0.765135
3045.4990 0.801788 0.787618
3046.4990 0.73198 0.826912
3047.4990 0.769994 0.794426
3048.4990 0.776578 0.766056
3049.4990 0.775849 0.789705
3050.4990 0.759661 0.776035
3051.4990 0.788661 0.796437
3052.4990 0.786931 0.788499
3053.4990 0.791032 0.806605
3054.4990 0.784895 0.843598
3055.4990 0.764176 0.791716
3056.4990 0.790875 0.858979
3057.4990 0.765367 0.802379
3058.4990 0.803827 0.820401
3059.4990 0.803484 0.826368
3060.4990 0.81352 0.837006
3061.4990 0.794169 0.840553
3062.4990 0.787955 0.836216
3063.4990 0.786819 0.823479
3064.4990 0.814893 0.818841
3065.4990 0.822615 0.840274
3066.4990 0.817263 0.845784
3067.4990 0.824444 0.843777
3068.4990 0.829379 0.840215
3069.4990 0.844624 0.842688
3070.4990 0.831858 0.862433
3071.4990 0.822031 0.83795
3072.4990 0.804953 0.846419
3073.4990 0.830895 0.87498
3074.4990 0.846154 0.874805
3075.4990 0.805407 0.871865
3076.4990 0.807035 0.85843
3077.4990 0.841984 0.908402
3078.4990 0.826726 0.899076
3079.4990 0.831666 0.888694
3080.4990 0.847642 0.883808
3081.4990 0.8365 0.885815
3082.4990 0.832616 0.895361
3083.4990 0.833827 0.888467
3084.4990 0.868251 0.899818
3085.4990 0.839619 0.905305
3086.4990 0.878074 0.900211
3087.4990 0.877763 0.873704
3088.4990 0.861134 0.901137
3089.4990 0.865024 0.895725
3090.4990 0.858671 0.943429
3091.4990 0.874874 0.895604
3092.4990 0.868689 0.928317
3093.4990 0.867226 0.947104
3094.4990 0.882846 0.923726
3095.4990 0.875398 0.920133
3096.4990 0.91537 0.93623
3097.4990 0.879592 0.919928
3098.4990 0.858036 0.929336
3099.4990 0.890627 0.899372
3100.4990 0.883739 0.948168
3101.4990 0.885396 0.929094
3102.4990 0.904767 0.934635
3103.4990 0.881219 0.916107
3104.4990 0.891364 0.946378
3105.4990 0.893085 0.91855
3106.4990 0.890778 0.91781
3107.4990 0.889475 0.942019
3108.4990 0.90559 0.936062
3109.4990 0.935185 0.933947
3110.4990 0.916526 0.945403
3111.4990 0.910491 0.926415
3112.4990 0.942802 0.97195
3113.4990 0.896623 0.952847
3114.4990 0.921782 0.928142
3115.4990 0.897628 0.947592
3116.4990 0.898665 0.929839
3117.4990 0.936493 0.954853
3118.4990 0.928651 0.971492
3119.4990 0.912253 0.957661
3120.4990 0.914023 0.992967
3121.4990 0.928145 0.976303
3122.4990 0.898874 0.962517
3123.4990 0.934557 0.962206
3124.4990 0.943154 0.973589
3125.4990 0.903595 0.961192
3126.4990 0.925801 0.959738
3127.4990 0.917364 0.956165
3128.4990 0.932696 0.971203
3129.4990 0.889754 0.908593
3130.4990 0.889808 0.915739
3131.4990 0.904383 0.93189
3132.4990 0.886635 0.909238
3133.4990 0.911104 0.937198
3134.4990 0.897644 0.896254
3135.4990 0.82268 0.890204
3136.4990 0.861866 0.868879
3137.4990 0.875116 0.882318
3138.4990 0.877486 0.909805
3139.4990 0.873922 0.886851
3140.4990 0.86015 0.923666
3141.4990 0.873958 0.889998
3142.4990 0.890332 0.915816
3143.4990 0.89451 0.938633
3144.4990 0.881931 0.918416
3145.4990 0.911266 0.950728
3146.4990 0.926415 0.918695
3147.4990 0.907245 0.944876
3148.4990 0.884052 0.920045
3149.4990 0.882855 0.923272
3150.4990 0.933314 0.942156
3151.4990 0.897514 0.933688
3152.4990 0.925159 0.91949
3153.4990 0.908212 0.949417
3154.4990 0.909875 0.918391
3155.4990 0.938109 0.9038
3156.4990 0.960043 0.954467
3157.4990 0.932 0.948362
3158.4990 0.935239 0.935631
3159.4990 0.930841 0.963389
3160.4990 0.938191 0.937433
3161.4990 0.93539 0.956579
3162.4990 0.92115 0.916487
3163.4990 0.940062 0.934692
3164.4990 0.936826 0.976883
3165.4990 0.919664 0.95921
3166.4990 0.966259 0.938939
3167.4990 0.93581 0.955576
3168.4990 0.923232 0.932661
3169.4990 0.935903 0.940658
3170.4990 0.932167 0.933337
3171.4990 0.930466 0.936235
3172.4990 0.922864 0.938935
3173.4990 0.947169 0.962199
3174.4990 0.906435 0.933657
3175.4990 0.911542 0.966726
3176.4990 0.896693 0.930305
3177.4990 0.931149 0.938477
3178.4990 0.929675 0.941091
3179.4990 0.900109 0.953677
3180.4990 0.926532 0.968307
3181.4990 0.925306 0.941306
3182.4990 0.93449 0.945088
3183.4990 0.917461 0.960278
3184.4990 0.903911 0.934538
3185.4990 0.912304 0.948267
3186.4990 0.927723 0.939923
3187.4990 0.91409 0.941005
3188.4990 0.906742 0.932878
3189.4990 0.914822 0.958634
3190.4990 0.927677 0.948469
3191.4990 0.928407 0.956817
3192.4990 0.929434 0.93543
3193.4990 0.883667 0.948338
3194.4990 0.888065 0.924557
3195.4990 0.910433 0.94275
3196.4990 0.935422 0.928847
3197.4990 0.905453 0.906117
3198.4990 0.881101 0.909584
3199.4990 0.905754 0.915038
3200.4990 0.878562 0.935529
3201.4990 0.895181 0.938618
3202.4990 0.896564 0.942416
3203.4990 0.877307 0.948744
3204.4990 0.874882 0.922664
3205.4990 0.882346 0.924268
3206.4990 0.901571 0.9472
3207.4990 0.885865 0.915325
3208.4990 0.8632 0.907296
3209.4990 0.857188 0.925997
3210.4990 0.892002 0.931997
3211.4990 0.87909 0.905227
3212.4990 0.896442 0.924222
3213.4990 0.882622 0.937609
3214.4990 0.874632 0.940429
3215.4990 0.879474 0.911552
3216.4990 0.872574 0.9179
3217.4990 0.854671 0.903344
3218.4990 0.89642 0.911871
3219.4990 0.885063 0.909417
3220.4990 0.855601 0.925062
3221.4990 0.881755 0.884287
3222.4990 0.865771 0.91574
3223.4990 0.838845 0.896859
3224.4990 0.820782 0.895326
3225.4990 0.86955 0.886906
3226.4990 0.855479 0.875627
3227.4990 0.857384 0.871724
3228.4990 0.854746 0.842996
3229.4990 0.818744 0.879379
3230.4990 0.864727 0.869374
3231.4990 0.831434 0.87357
3232.4990 0.823622 0.872596
3233.4990 0.828226 0.865291
3234.4990 0.835638 0.875444
3235.4990 0.829381 0.867099
3236.4990 0.830128 0.873993
3237.4990 0.81589 0.812243
3238.4990 0.82759 0.831502
3239.4990 0.79472 0.87693
3240.4990 0.81105 0.846724
3241.4990 0.805404 0.847815
3242.4990 0.783715 0.818088
3243.4990 0.79257 0.823359
3244.4990 0.804543 0.804136
3245.4990 0.772868 0.839356
3246.4990 0.78567 0.826653
3247.4990 0.764861 0.813664
3248.4990 0.797317 0.819275
3249.4990 0.792586 0.811384
3250.4990 0.774275 0.829682
3251.4990 0.753733 0.788034
3252.4990 0.775099 0.827941
3253.4990 0.771385 0.794095
3254.4990 0.778669 0.772101
3255.4990 0.746018 0.774829
3256.4990 0.764068 0.79956
3257.4990 0.770311 0.786677
3258.4990 0.762257 0.787209
3259.4990 0.76331 0.788812
3260.4990 0.771854 0.816471
3261.4990 0.779073 0.783818
3262.4990 0.828063 0.830477
3263.4990 0.806009 0.833814
3264.4990 0.776383 0.810415
3265.4990 0.757846 0.840368
3266.4990 0.751765 0.792857
3267.4990 0.758679 0.751178
3268.4990 0.694409 0.771326
3269.4990 0.718216 0.773265
3270.4990 0.72633 0.751085
3271.4990 0.711956 0.704546
3272.4990 0.712222 0.734395
3273.4990 0.7217 0.715215
3274.4990 0.718432 0.730004
3275.4990 0.714535 0.741452
3276.4990 0.688572 0.696795
3277.4990 0.703806 0.716764
3278.4990 0.696518 0.750647
3279.4990 0.704497 0.70737
3280.4990 0.692473 0.735397
3281.4990 0.717877 0.725077
3282.4990 0.71463 0.719259
3283.4990 0.693402 0.720133
3284.4990 0.721162 0.738294
3285.4990 0.694554 0.731298
3286.4990 0.690722 0.735454
3287.4990 0.707315 0.730592
3288.4990 0.682781 0.715212
3289.4990 0.701515 0.700215
3290.4990 0.68481 0.72229
3291.4990 0.693621 0.705477
3292.4990 0.717394 0.725268
3293.4990 0.69215 0.717075
3294.4990 0.698949 0.712227
3295.4990 0.680843 0.719362
3296.4990 0.694118 0.72792
3297.4990 0.676509 0.728193
3298.4990 0.70677 0.710643
3299.4990 0.635053 0.712054
3300.4990 0.724887 0.731145
3301.4990 0.704487 0.730166
3302.4990 0.680915 0.720737
3303.4990 0.68864 0.727098
3304.4990 0.709528 0.730287
3305.4990 0.696517 0.71507
3306.4990 0.686836 0.718747
3307.4990 0.687122 0.721161
3308.4990 0.685566 0.716061
3309.4990 0.688128 0.747227
3310.4990 0.691989 0.722706
3311.4990 0.728182 0.74618
3312.4990 0.735906 0.730429
3313.4990 0.702779 0.72704
3314.4990 0.719903 0.763076
3315.4990 0.726153 0.766278
3316.4990 0.715084 0.751799
3317.4990 0.762727 0.764768
3318.4990 0.742052 0.760467
3319.4990 0.71812 0.760747
3320.4990 0.763848 0.740218
3321.4990 0.751846 0.797316
3322.4990 0.7346 0.790383
3323.4990 0.778028 0.785901
3324.4990 0.760011 0.803538
3325.4990 0.770142 0.75379
3326.4990 0.785058 0.766786
3327.4990 0.747731 0.780542
3328.4990 0.802414 0.823872
3329.4990 0.76615 0.83113
3330.4990 0.77321 0.811682
3331.4990 0.812652 0.853581
3332.4990 0.78 0.806444
3333.4990 0.777436 0.812202
3334.4990 0.807321 0.837627
3335.4990 0.789648 0.839752
3336.4990 0.77502 0.829304
3337.4990 0.792934 0.842402
3338.4990 0.815624 0.836707
3339.4990 0.787722 0.855311
3340.4990 0.790655 0.851262
3341.4990 0.834351 0.902556
3342.4990 0.828118 0.841249
3343.4990 0.814162 0.905025
3344.4990 0.843108 0.841263
3345.4990 0.852735 0.87761
3346.4990 0.818559 0.885205
3347.4990 0.838826 0.880627
3348.4990 0.835891 0.877992
3349.4990 0.793364 0.88154
3350.4990 0.851717 0.895282
3351.4990 0.846567 0.895315
3352.4990 0.834771 0.910169
3353.4990 0.861681 0.895506
3354.4990 0.848081 0.898336
3355.4990 0.864512 0.849886
3356.4990 0.852726 0.887664
3357.4990 0.879592 0.930241
3358.4990 0.885186 0.910151
3359.4990 0.89518 0.911918
3360.4990 0.880871 0.935074
3361.4990 0.910701 0.939855
3362.4990 0.855112 0.945058
3363.4990 0.897629 0.934542
3364.4990 0.891806 0.940691
3365.4990 0.919449 0.955452
3366.4990 0.912208 0.965071
3367.4990 0.910541 0.955365
3368.4990 0.936476 0.983182
3369.4990 0.917771 0.974363
3370.4990 0.932799 0.946701
3371.4990 0.949544 0.986045
3372.4990 0.950518 0.957387
3373.4990 0.952412 0.948892
3374.4990 0.934807 0.980369
3375.4990 0.928285 1.00774
3376.4990 0.966938 0.997036
3377.4990 0.949274 1.00024
3378.4990 0.944644 0.957095
3379.4990 0.962275 0.992014
3380.4990 0.932889 0.961894
3381.4990 0.950655 0.963667
3382.4990 0.922082 0.978016
3383.4990 0.927492 0.974976
3384.4990 0.945094 0.96706
3385.4990 0.910744 0.928602
3386.4990 0.90644 0.94406
3387.4990 0.932453 0.932688
3388.4990 0.881681 0.913774
3389.4990 0.857707 0.898779
3390.4990 0.870853 0.86872
3391.4990 0.813905 0.836168
3392.4990 0.781642 0.848831
3393.4990 0.829694 0.880112
3394.4990 0.854185 0.894894
3395.4990 0.895615 0.889368
3396.4990 0.858486 0.92162
3397.4990 0.882173 0.929905
3398.4990 0.896857 0.91153
3399.4990 0.883505 0.902982
3400.4990 0.853122 0.89125
3401.4990 0.882137 0.87393
3402.4990 0.899524 0.924588
3403.4990 0.896079 0.88452
3404.4990 0.83969 0.896529
3405.4990 0.876484 0.900387
3406.4990 0.865365 0.89911
3407.4990 0.875561 0.863387
3408.4990 0.844531 0.886375
3409.4990 0.85126 0.847527
3410.4990 0.84594 0.840245
3411.4990 0.846913 0.837639
3412.4990 0.82301 0.85682
3413.4990 0.820578 0.85032
3414.4990 0.828786 0.833823
3415.4990 0.83644 0.825629
3416.4990 0.79499 0.815342
3417.4990 0.828672 0.809595
3418.4990 0.801243 0.809184
3419.4990 0.804186 0.804189
3420.4990 0.799486 0.805224
3421.4990 0.806667 0.783152
3422.4990 0.796318 0.781282
3423.4990 0.768348 0.77618
3424.4990 0.750413 0.7825
3425.4990 0.748843 0.757829
3426.4990 0.75069 0.768415
3427.4990 0.745121 0.766981
3428.4990 0.746784 0.750833
3429.4990 0.734598 0.730299
3430.4990 0.70621 0.716972
3431.4990 0.70917 0.742833
3432.4990 0.720199 0.765416
3433.4990 0.718382 0.738734
3434.4990 0.710658 0.722258
3435.4990 0.70577 0.71318
3436.4990 0.674337 0.73871
3437.4990 0.694808 0.735726
3438.4990 0.712314 0.713129
3439.4990 0.693127 0.745047
3440.4990 0.666466 0.720001
3441.4990 0.678 0.734053
3442.4990 0.701632 0.723852
3443.4990 0.669336 0.727158
3444.4990 0.659206 0.763608
3445.4990 0.712218 0.738067
3446.4990 0.687469 0.727812
3447.4990 0.689012 0.699261
3448.4990 0.651326 0.680061
3449.4990 0.680195 0.725332
3450.4990 0.675649 0.688556
3451.4990 0.67856 0.723305
3452.4990 0.688287 0.692759
3453.4990 0.673077 0.724074
3454.4990 0.661597 0.719448
3455.4990 0.65714 0.744129
3456.4990 0.655097 0.718773
3457.4990 0.649157 0.731269
3458.4990 0.661476 0.704902
3459.4990 0.618271 0.707676
3460.4990 0.665424 0.714047
3461.4990 0.659323 0.69562
3462.4990 0.656867 0.739087
3463.4990 0.687931 0.733558
3464.4990 0.690502 0.741921
3465.4990 0.673939 0.724783
3466.4990 0.692965 0.712109
3467.4990 0.691509 0.733153
3468.4990 0.658655 0.74303
3469.4990 0.660397 0.73871
3470.4990 0.642413 0.73939
3471.4990 0.671158 0.717268
3472.4990 0.668588 0.756579
3473.4990 0.691358 0.738563
3474.4990 0.685115 0.730518
3475.4990 0.687717 0.750178
3476.4990 0.685222 0.711147
3477.4990 0.694238 0.736953
3478.4990 0.682196 0.744069
3479.4990 0.642925 0.746995
3480.4990 0.67592 0.736229
3481.4990 0.671328 0.73841
3482.4990 0.704736 0.74484
3483.4990 0.659609 0.727342
3484.4990 0.669459 0.744154
3485.4990 0.677354 0.713804
3486.4990 0.669593 0.751549
3487.4990 0.694556 0.727647
3488.4990 0.672401 0.726529
3489.4990 0.670684 0.752643
3490.4990 0.66302 0.717644
3491.4990 0.651896 0.746783
3492.4990 0.68288 0.737153
3493.4990 0.674036 0.752576
3494.4990 0.680022 0.739928
3495.4990 0.689861 0.721539
3496.4990 0.659913 0.734724
3497.4990 0.684652 0.76334
3498.4990 0.669659 0.733991
3499.4990 0.691109 0.727136
3500.4990 0.702463 0.775546
3501.4990 0.677395 0.727664
3502.4990 0.685432 0.703491
3503.4990 0.670794 0.751311
3504.4990 0.714543 0.723904
3505.4990 0.683391 0.733955
3506.4990 0.688572 0.744113
3507.4990 0.703852 0.734898
3508.4990 0.685309 0.74218
3509.4990 0.661649 0.75116
3510.4990 0.696793 0.727842
3511.4990 0.676851 0.7343
3512.4990 0.68993 0.703385
3513.4990 0.704853 0.718001
3514.4990 0.699953 0.734359
3515.4990 0.698969 0.717467
3516.4990 0.72351 0.758872
3517.4990 0.726698 0.773711
3518.4990 0.758128 0.763009
3519.4990 0.786018 0.824081
3520.4990 0.666897 0.724756
3521.4990 0.64321 0.713633
3522.4990 0.667435 0.727476
3523.4990 0.652796 0.69299
3524.4990 0.663493 0.694751
3525.4990 0.681599 0.690369
3526.4990 0.658349 0.712649
3527.4990 0.670623 0.676132
3528.4990 0.658835 0.674326
3529.4990 0.668668 0.712755
3530.4990 0.654988 0.690803
3531.4990 0.664406 0.711507
3532.4990 0.620467 0.661219
3533.4990 0.664119 0.676011
3534.4990 0.640782 0.695033
3535.4990 0.656288 0.674022
3536.4990 0.653101 0.676993
3537.4990 0.617259 0.673183
3538.4990 0.64608 0.680453
3539.4990 0.670769 0.69194
3540.4990 0.644644 0.657928
3541.4990 0.64808 0.701178
3542.4990 0.604135 0.653045
3543.4990 0.622748 0.667082
3544.4990 0.619178 0.691128
3545.4990 0.630616 0.664451
3546.4990 0.643041 0.671832
3547.4990 0.612571 0.673361
3548.4990 0.611193 0.664829
3549.4990 0.604825 0.665254
3550.4990 0.611738 0.63199
3551.4990 0.634284 0.684755
3552.4990 0.57908 0.645135
3553.4990 0.592599 0.63089
3554.4990 0.60064 0.636815
3555.4990 0.621177 0.680573
3556.4990 0.618969 0.6796
3557.4990 0.616376 0.665226
3558.4990 0.639212 0.68817
3559.4990 0.57494 0.637913
3560.4990 0.61276 0.652203
3561.4990 0.597727 0.687701
3562.4990 0.626568 0.679335
3563.4990 0.623933 0.650736
3564.4990 0.660295 0.706155
3565.4990 0.644014 0.691797
3566.4990 0.651726 0.700546
3567.4990 0.647494 0.727074
3568.4990 0.644 0.736434
3569.4990 0.648797 0.740445
3570.4990 0.671511 0.746102
3571.4990 0.681809 0.717702
3572.4990 0.671488 0.725922
3573.4990 0.678724 0.757741
3574.4990 0.702135 0.764117
3575.4990 0.673768 0.788489
3576.4990 0.721108 0.736033
3577.4990 0.720184 0.759867
3578.4990 0.701851 0.784293
3579.4990 0.710657 0.780537
3580.4990 0.742125 0.793882
3581.4990 0.720554 0.769494
3582.4990 0.724624 0.772359
3583.4990 0.725354 0.792269
3584.4990 0.743441 0.790676
3585.4990 0.701895 0.788812
3586.4990 0.749567 0.793753
3587.4990 0.703359 0.829359
3588.4990 0.740733 0.806029
3589.4990 0.729264 0.811493
3590.4990 0.72267 0.805769
3591.4990 0.699507 0.837729
3592.4990 0.730424 0.839632
3593.4990 0.749329 0.857703
3594.4990 0.732932 0.830609
3595.4990 0.738978 0.831115
3596.4990 0.751634 0.845349
3597.4990 0.755041 0.83902
3598.4990 0.738556 0.856737
3599.4990 0.775248 0.814161
3600.4990 0.781196 0.867252
3601.4990 0.7897 0.870039
3602.4990 0.790447 0.88095
3603.4990 0.800713 0.854067
3604.4990 0.804079 0.880263
3605.4990 0.852991 0.890962
3606.4990 0.819465 0.884632
3607.4990 0.828917 0.870851
3608.4990 0.825641 0.908285
3609.4990 0.794219 0.870192
3610.4990 0.813898 0.876538
3611.4990 0.839044 0.893896
3612.4990 0.824305 0.883671
3613.4990 0.833967 0.877115
3614.4990 0.795264 0.893216
3615.4990 0.827738 0.88699
3616.4990 0.816022 0.909743
3617.4990 0.808115 0.858559
3618.4990 0.797633 0.874237
3619.4990 0.806565 0.85205
3620.4990 0.817076 0.887781
3621.4990 0.775134 0.861721
3622.4990 0.796054 0.875694
3623.4990 0.814212 0.862244
3624.4990 0.793184 0.855522
3625.4990 0.772913 0.838989
3626.4990 0.77883 0.833508
3627.4990 0.757031 0.822089
3628.4990 0.771971 0.807306
3629.4990 0.767377 0.870238
3630.4990 0.780719 0.766081
3631.4990 0.743811 0.772635
3632.4990 0.729675 0.831468
3633.4990 0.741387 0.806287
3634.4990 0.742881 0.799824
3635.4990 0.708815 0.773712
3636.4990 0.685722 0.756636
3637.4990 0.729004 0.774401
3638.4990 0.713903 0.778652
3639.4990 0.71143 0.758044
3640.4990 0.699058 0.74507
3641.4990 0.687118 0.759146
3642.4990 0.678149 0.746566
3643.4990 0.686987 0.709521
3644.4990 0.676723 0.702526
3645.4990 0.692042 0.745842
3646.4990 0.665328 0.703015
3647.4990 0.664208 0.673079
3648.4990 0.591503 0.638741
3649.4990 0.589026 0.648138
3650.4990 0.605239 0.652172
3651.4990 0.626908 0.649786
3652.4990 0.641984 0.654673
3653.4990 0.580697 0.672025
3654.4990 0.610565 0.680156
3655.4990 0.595166 0.662953
3656.4990 0.627771 0.664632
3657.4990 0.60076 0.674166
3658.4990 0.587145 0.652498
3659.4990 0.591335 0.651935
3660.4990 0.588679 0.666757
3661.4990 0.554756 0.630875
3662.4990 0.529774 0.649757
3663.4990 0.557834 0.653238
3664.4990 0.585652 0.667346
3665.4990 0.568923 0.636877
3666.4990 0.565876 0.623507
3667.4990 0.553981 0.603464
3668.4990 0.565376 0.614173
3669.4990 0.532722 0.658351
3670.4990 0.535386 0.624294
3671.4990 0.550262 0.637981
3672.4990 0.559263 0.618824
3673.4990 0.566125 0.60022
3674.4990 0.536693 0.619497
3675.4990 0.541973 0.60519
3676.4990 0.531494 0.61195
3677.4990 0.524256 0.582307
3678.4990 0.536084 0.573151
3679.4990 0.535632 0.58494
3680.4990 0.531911 0.552216
3681.4990 0.51153 0.574844
3682.4990 0.51704 0.587111
3683.4990 0.532368 0.597836
3684.4990 0.529137 0.583932
3685.4990 0.486392 0.588661
3686.4990 0.492034 0.564145
3687.4990 0.495446 0.58093
3688.4990 0.527503 0.577076
3689.4990 0.487624 0.576386
3690.4990 0.523274 0.57725
3691.4990 0.50543 0.603386
3692.4990 0.492173 0.565873
3693.4990 0.509311 0.583919
3694.4990 0.518837 0.605649
3695.4990 0.505382 0.589242
3696.4990 0.503661 0.598547
3697.4990 0.507441 0.584423
3698.4990 0.512375 0.588377
3699.4990 0.530594 0.61076
3700.4990 0.532334 0.622915
3701.4990 0.529068 0.599774
3702.4990 0.513589 0.609953
3703.4990 0.52176 0.614011
3704.4990 0.530935 0.621608
3705.4990 0.524145 0.617641
3706.4990 0.563458 0.613807
3707.4990 0.539308 0.635171
3708.4990 0.541226 0.626967
3709.4990 0.557711 0.658004
3710.4990 0.538606 0.639556
3711.4990 0.549842 0.652738
3712.4990 0.534362 0.674722
3713.4990 0.530613 0.624121
3714.4990 0.555377 0.632368
3715.4990 0.545618 0.630727
3716.4990 0.573266 0.61245
3717.4990 0.540865 0.632685
3718.4990 0.519244 0.625314
3719.4990 0.544186 0.632697
3720.4990 0.564567 0.65323
3721.4990 0.55171 0.673981
3722.4990 0.532437 0.626261
3723.4990 0.538706 0.621607
3724.4990 0.578763 0.637643
3725.4990 0.531306 0.64894
3726.4990 0.528752 0.610699
3727.4990 0.565598 0.623073
3728.4990 0.54177 0.614911
3729.4990 0.537974 0.610964
3730.4990 0.563116 0.626568
3731.4990 0.544261 0.639932
3732.4990 0.544545 0.635302
3733.4990 0.57317 0.619842
3734.4990 0.56432 0.598278
3735.4990 0.550313 0.62997
3736.4990 0.540349 0.617052
3737.4990 0.54548 0.618215
3738.4990 0.555526 0.633429
3739.4990 0.552373 0.61516
3740.4990 0.58652 0.612499
3741.4990 0.55716 0.636788
3742.4990 0.535447 0.605872
3743.4990 0.520492 0.625133
3744.4990 0.548037 0.611791
3745.4990 0.555272 0.61488
3746.4990 0.508842 0.614065
3747.4990 0.515241 0.631955
3748.4990 0.523656 0.587661
3749.4990 0.522461 0.610066
3750.4990 0.525929 0.57097
3751.4990 0.511733 0.589921
3752.4990 0.486892 0.613272
3753.4990 0.509257 0.568434
3754.4990 0.51742 0.583255
3755.4990 0.50704 0.561832
3756.4990 0.532181 0.578562
3757.4990 0.508548 0.57675
3758.4990 0.501133 0.58827
3759.4990 0.518297 0.580351
3760.4990 0.471876 0.599777
3761.4990 0.479508 0.572858
3762.4990 0.483386 0.593509
3763.4990 0.496079 0.593514
3764.4990 0.493887 0.587947
3765.4990 0.510779 0.595166
3766.4990 0.477986 0.576293
3767.4990 0.524438 0.576464
3768.4990 0.489921 0.571276
3769.4990 0.507597 0.572252
3770.4990 0.49266 0.567502
3771.4990 0.508274 0.58862
3772.4990 0.509229 0.579817
3773.4990 0.537401 0.598637
3774.4990 0.574687 0.622658
3775.4990 0.568738 0.629076
3776.4990 0.445386 0.549737
3777.4990 0.477972 0.580752
3778.4990 0.49932 0.569531
3779.4990 0.471595 0.581526
3780.4990 0.4882 0.56048
3781.4990 0.467496 0.566006
3782.4990 0.464145 0.572968
3783.4990 0.475829 0.550912
3784.4990 0.478035 0.587433
3785.4990 0.450145 0.555217
3786.4990 0.454106 0.590126
3787.4990 0.473166 0.597801
3788.4990 0.436376 0.581744
3789.4990 0.470882 0.569684
3790.4990 0.4641 0.558037
3791.4990 0.474873 0.558629
3792.4990 0.450109 0.571884
3793.4990 0.439842 0.584095
3794.4990 0.46772 0.589788
3795.4990 0.513476 0.586175
3796.4990 0.466096 0.576486
3797.4990 0.483187 0.617582
3798.4990 0.471222 0.613627
3799.4990 0.470996 0.583177
3800.4990 0.496876 0.586656
3801.4990 0.501924 0.609345
3802.4990 0.496178 0.61014
3803.4990 0.483347 0.623346
3804.4990 0.516867 0.612678
3805.4990 0.507682 0.630961
3806.4990 0.527815 0.608065
3807.4990 0.49247 0.612066
3808.4990 0.503165 0.629357
3809.4990 0.532035 0.604874
3810.4990 0.526805 0.60339
3811.4990 0.492305 0.616997
3812.4990 0.506132 0.620351
3813.4990 0.523247 0.625981
3814.4990 0.523144 0.627442
3815.4990 0.489806 0.62428
3816.4990 0.514652 0.613786
3817.4990 0.48103 0.624503
3818.4990 0.542583 0.617488
3819.4990 0.522105 0.628931
3820.4990 0.503175 0.650024
3821.4990 0.576879 0.659737
3822.4990 0.503451 0.65508
3823.4990 0.543159 0.633114
3824.4990 0.522738 0.694075
3825.4990 0.526266 0.654219
3826.4990 0.537963 0.658287
3827.4990 0.542552 0.66467
3828.4990 0.562096 0.697363
3829.4990 0.540513 0.669903
3830.4990 0.548425 0.675598
3831.4990 0.571317 0.669579
3832.4990 0.599234 0.68773
3833.4990 0.545253 0.697012
3834.4990 0.54329 0.688247
3835.4990 0.552385 0.686907
3836.4990 0.584615 0.695235
3837.4990 0.541333 0.673381
3838.4990 0.597002 0.675277
3839.4990 0.578513 0.688811
3840.4990 0.561728 0.666207
3841.4990 0.5548 0.647644
3842.4990 0.555313 0.68826
3843.4990 0.510731 0.679306
3844.4990 0.526375 0.661658
3845.4990 0.538203 0.678532
3846.4990 0.534824 0.67892
3847.4990 0.483117 0.631548
3848.4990 0.49682 0.67497
3849.4990 0.524836 0.677336
3850.4990 0.522343 0.639165
3851.4990 0.552556 0.637045
3852.4990 0.504797 0.639591
3853.4990 0.522702 0.650901
3854.4990 0.538387 0.643368
3855.4990 0.514433 0.645802
3856.4990 0.537011 0.701672
3857.4990 0.532322 0.653926
3858.4990 0.524422 0.661904
3859.4990 0.505686 0.630121
3860.4990 0.502527 0.660925
3861.4990 0.544935 0.66489
3862.4990 0.530061 0.66667
3863.4990 0.521439 0.647683
3864.4990 0.524734 0.623814
3865.4990 0.525553 0.641447
3866.4990 0.5434 0.612169
3867.4990 0.52371 0.622574
3868.4990 0.539735 0.633919
3869.4990 0.50995 0.597978
3870.4990 0.475446 0.640918
3871.4990 0.512655 0.605566
3872.4990 0.513181 0.596183
3873.4990 0.510807 0.585276
3874.4990 0.457515 0.629958
3875.4990 0.491302 0.603501
3876.4990 0.487979 0.602342
3877.4990 0.438581 0.572801
3878.4990 0.441197 0.580188
3879.4990 0.466297 0.606843
3880.4990 0.462701 0.59703
3881.4990 0.440029 0.557428
3882.4990 0.448557 0.559339
3883.4990 0.412494 0.567547
3884.4990 0.437832 0.559716
3885.4990 0.41971 0.541462
3886.4990 0.410013 0.548708
3887.4990 0.427727 0.551969
3888.4990 0.43526 0.528862
3889.4990 0.425698 0.557162
3890.4990 0.43102 0.543799
3891.4990 0.389247 0.538089
3892.4990 0.416489 0.556625
3893.4990 0.393467 0.538661
3894.4990 0.387702 0.539067
3895.4990 0.407719 0.548111
3896.4990 0.404613 0.549347
3897.4990 0.392206 0.540756
3898.4990 0.428794 0.542486
3899.4990 0.413525 0.532319
3900.4990 0.396672 0.519828
3901.4990 0.411008 0.536028
3902.4990 0.428439 0.568718
3903.4990 0.463672 0.561348
3904.4990 0.383093 0.564209
3905.4990 0.421646 0.561172
3906.4990 0.373237 0.567594
3907.4990 0.372132 0.563327
3908.4990 0.403615 0.54412
3909.4990 0.376148 0.54969
3910.4990 0.396563 0.532954
3911.4990 0.372598 0.539364
3912.4990 0.388582 0.535746
3913.4990 0.364383 0.553161
3914.4990 0.352393 0.531826
3915.4990 0.398356 0.553944
3916.4990 0.387122 0.556192
3917.4990 0.389795 0.559647
3918.4990 0.359844 0.544119
3919.4990 0.391895 0.542147
3920.4990 0.371223 0.551895
3921.4990 0.374653 0.557688
3922.4990 0.388447 0.554111
3923.4990 0.388196 0.545059
3924.4990 0.394338 0.559374
3925.4990 0.403064 0.5702
3926.4990 0.395827 0.557402
3927.4990 0.388414 0.563921
3928.4990 0.388852 0.556497
3929.4990 0.405556 0.56896
3930.4990 0.391004 0.58643
3931.4990 0.409211 0.568785
3932.4990 0.391293 0.553794
3933.4990 0.413291 0.56092
3934.4990 0.405503 0.599446
3935.4990 0.397091 0.558789
3936.4990 0.420462 0.561893
3937.4990 0.443029 0.587486
3938.4990 0.429453 0.585366
3939.4990 0.41373 0.553938
3940.4990 0.387629 0.570249
3941.4990 0.42362 0.589663
3942.4990 0.420074 0.576757
3943.4990 0.393059 0.569131
3944.4990 0.421498 0.608995
3945.4990 0.427812 0.536638
3946.4990 0.437836 0.564398
3947.4990 0.412374 0.566036
3948.4990 0.392679 0.548797
3949.4990 0.420894 0.583686
3950.4990 0.405739 0.578867
3951.4990 0.427766 0.58122
3952.4990 0.439956 0.583685
3953.4990 0.433964 0.598443
3954.4990 0.431199 0.616888
3955.4990 0.410754 0.604717
3956.4990 0.42222 0.603242
3957.4990 0.436108 0.58334
3958.4990 0.420019 0.594755
3959.4990 0.392214 0.589414
3960.4990 0.432504 0.608669
3961.4990 0.411504 0.621464
3962.4990 0.421012 0.603363
3963.4990 0.398088 0.590476
3964.4990 0.451517 0.584559
3965.4990 0.437676 0.574998
3966.4990 0.420598 0.588274
3967.4990 0.414523 0.581699
3968.4990 0.412514 0.587205
3969.4990 0.410195 0.59059
3970.4990 0.40421 0.607849
3971.4990 0.387852 0.559818
3972.4990 0.371821 0.574463
3973.4990 0.366333 0.570831
3974.4990 0.408193 0.532737
3975.4990 0.375834 0.536014
3976.4990 0.355913 0.557221
3977.4990 0.367205 0.553145
3978.4990 0.385511 0.558151
3979.4990 0.355188 0.572183
3980.4990 0.37785 0.532283
3981.4990 0.350883 0.569646
3982.4990 0.360822 0.524568
3983.4990 0.366269 0.538775
3984.4990 0.374827 0.536991
3985.4990 0.319186 0.54982
3986.4990 0.336051 0.545082
3987.4990 0.342831 0.524504
3988.4990 0.372198 0.542084
3989.4990 0.357324 0.538617
3990.4990 0.363276 0.544782
3991.4990 0.352232 0.525939
3992.4990 0.348888 0.560647
3993.4990 0.373666 0.544387
3994.4990 0.338811 0.528101
3995.4990 0.363678 0.539927
3996.4990 0.34404 0.5691
3997.4990 0.339329 0.510695
3998.4990 0.327271 0.532259
3999.4990 0.307958 0.548122
4000.4990 0.338174 0.542468
4001.4990 0.350103 0.544592
4002.4990 0.340305 0.522877
4003.4990 0.341678 0.549166
4004.4990 0.339721 0.568082
4005.4990 0.343594 0.55922
4006.4990 0.33152 0.54033
4007.4990 0.345491 0.561248
4008.4990 0.339893 0.536621
4009.4990 0.31617 0.539702
4010.4990 0.292547 0.532358
4011.4990 0.315904 0.558077
4012.4990 0.315227 0.539954
4013.4990 0.3321 0.569157
4014.4990 0.324381 0.553099
4015.4990 0.32871 0.527375
4016.4990 0.323786 0.561304
4017.4990 0.325695 0.565872
4018.4990 0.30397 0.544891
4019.4990 0.325571 0.579604
4020.4990 0.339626 0.571697
4021.4990 0.329582 0.578339
4022.4990 0.289318 0.581091
4023.4990 0.353438 0.583403
4024.4990 0.333123 0.592235
4025.4990 0.36637 0.55405
4026.4990 0.356706 0.579609
4027.4990 0.367799 0.570972
4028.4990 0.381673 0.570309
4029.4990 0.373683 0.601371
4030.4990 0.34917 0.575426
4031.4990 0.3978 0.553963
