734.000000 0.886631 0.906049
735.000000 0.870404 0.890271
736.000000 0.875788 0.886738
737.000000 0.853356 0.867497
738.000000 0.844238 0.871996
739.000000 0.884789 0.904588
740.000000 0.860697 0.885831
741.000000 0.849156 0.871203
742.000000 0.848912 0.876371
743.000000 0.842607 0.858756
744.000000 0.868297 0.900584
745.000000 0.891294 0.919713
746.000000 0.857266 0.890113
747.000000 0.848862 0.889125
748.000000 0.850658 0.887726
749.000000 0.873532 0.901549
750.000000 0.900980 0.952134
751.000000 0.888056 0.929092
752.000000 0.875191 0.927607
753.000000 0.886129 0.951544
754.000000 1.022889 1.100297
755.000000 0.759491 0.919880
756.000000 0.628473 0.546045
789.000000 1.186636 1.195470
790.000000 1.178893 1.193207
791.000000 1.192606 1.228204
792.000000 1.213093 1.235573
793.000000 1.219050 1.227545
794.000000 1.232670 1.238405
795.000000 1.259033 1.258006
796.000000 1.256019 1.248884
797.000000 1.273367 1.271524
798.000000 1.293406 1.285941
799.000000 1.287459 1.285444
800.000000 1.314423 1.305204
801.000000 1.309044 1.305179
802.000000 1.300402 1.302598
803.000000 1.337938 1.340677
805.000000 1.367240 1.344192
806.000000 1.371199 1.361649
807.000000 1.355298 1.333731
808.000000 1.374202 1.361713
809.000000 1.418719 1.404483
810.000000 1.417886 1.399505
811.000000 1.436825 1.420766
812.000000 1.437373 1.419224
813.000000 1.425250 1.408666
814.000000 1.476234 1.467159
815.000000 1.491691 1.479329
816.000000 1.483069 1.465347
817.000000 1.489079 1.466437
818.000000 1.464451 1.435242
819.000000 1.474227 1.455584
820.000000 1.530608 1.530146
821.000000 1.533927 1.528242
822.000000 1.528340 1.525389
823.000000 1.534726 1.529997
845.000000 1.630821 1.621901
846.000000 1.608416 1.574839
850.000000 1.630406 1.639367
851.000000 1.633533 1.638199
852.000000 1.646888 1.551631
853.000000 1.646961 1.657475
854.000000 1.684512 1.677809
855.000000 1.645405 1.662095
856.000000 1.615596 1.631799
857.000000 1.610669 1.634157
858.000000 1.629345 1.650263
859.000000 1.688660 1.702631
860.000000 1.691508 1.692226
861.000000 1.651926 1.646521
862.000000 1.640227 1.642487
863.000000 1.653363 1.652909
864.000000 1.690840 1.706291
865.000000 1.723517 1.742102
866.000000 1.676178 1.703182
867.000000 1.640825 1.776293
868.000000 1.671728 1.905669
890.000000 1.740333 1.870495
891.000000 1.739027 1.803588
892.000000 1.748592 1.799289
893.000000 1.740514 1.778479
894.000000 1.740120 1.770451
895.000000 1.762723 1.797338
896.000000 1.768945 1.795720
897.000000 1.775454 1.799328
929.000000 1.848764 1.848499
930.000000 1.811730 1.816713
931.000000 1.803487 1.805012
932.000000 1.785424 1.779323
933.000000 1.771091 1.772129
934.000000 1.852594 1.826137
935.000000 1.841726 1.812459
936.000000 1.799719 1.769162
937.000000 1.780417 1.753277
938.000000 1.750540 1.724153
939.000000 1.773520 1.751663
940.000000 1.846367 1.821901
941.000000 1.789787 1.785639
942.000000 1.755390 1.772265
966.000000 1.647310 1.649027
967.000000 1.657966 1.668932
968.000000 1.701531 1.718047
969.000000 1.649076 1.661293
970.000000 1.618035 1.630040
971.000000 1.627985 1.639954
972.000000 1.619056 1.641429
973.000000 1.645340 1.668106
974.000000 1.658227 1.677583
975.000000 1.602449 1.622209
976.000000 1.587081 1.609380
977.000000 1.586961 1.608363
978.000000 1.584717 1.600103
979.000000 1.617290 1.634896
980.000000 1.586161 1.611041
981.000000 1.548908 1.564107
982.000000 1.556325 1.569046
983.000000 1.548861 1.560275
984.000000 1.559495 1.569846
985.000000 1.596259 1.594432
986.000000 1.545383 1.544890
987.000000 1.534351 1.530877
988.000000 1.531816 1.529344
989.000000 1.529072 1.529054
990.000000 1.565620 1.558412
991.000000 1.560424 1.557020
992.000000 1.525964 1.519627
993.000000 1.526437 1.520370
994.000000 1.532530 1.521417
995.000000 1.552257 1.542735
996.000000 1.581219 1.566664
997.000000 1.556865 1.543167
998.000000 1.541105 1.529385
999.000000 1.545393 1.535465
1000.000000 1.552068 1.540976
1001.000000 1.571659 1.572236
1002.000000 1.581841 1.575460
1003.000000 1.540422 1.543672
1004.000000 1.544337 1.555640
1005.000000 1.561316 1.570128
1006.000000 1.567767 1.582823
1007.000000 1.568312 1.598317
1008.000000 1.550449 1.584604
1009.000000 1.538281 1.569136
1010.000000 1.556275 1.579337
1011.000000 1.555545 1.579605
1012.000000 1.557164 1.575399
1013.000000 1.569367 1.580714
1014.000000 1.572165 1.576886
1015.000000 1.576582 1.583581
1020.000000 1.580864 1.577669
1021.000000 1.576407 1.571703
1034.000000 1.662809 1.657261
1035.000000 1.697550 1.694694
1036.000000 1.719480 1.705630
1037.000000 1.711707 1.708656
1038.000000 1.696044 1.698363
1039.000000 1.681214 1.715356
1042.000000 1.747468 1.737394
1043.000000 1.747678 1.736717
1044.000000 1.744050 1.738800
1045.000000 1.762360 1.762899
1046.000000 1.771754 1.772734
1047.000000 1.768020 1.762249
1048.000000 1.765110 1.765407
1049.000000 1.778141 1.783275
1050.000000 1.777586 1.784042
1051.000000 1.790546 1.793622
1052.000000 1.793790 1.794986
1053.000000 1.787153 1.782971
1054.000000 1.805018 1.808787
1055.000000 1.809512 1.818673
1056.000000 1.812467 1.816522
1057.000000 1.811784 1.813540
1058.000000 1.807781 1.805336
1059.000000 1.823876 1.811680
1060.000000 1.854415 1.851171
1063.000000 1.838968 1.829996
1064.000000 1.845754 1.836129
1065.000000 1.885075 1.877210
1066.000000 1.906373 1.903123
1069.000000 1.871396 1.854124
1070.000000 1.905258 1.886620
1073.000000 1.897387 1.892693
1074.000000 1.875233 1.867008
1075.000000 1.917416 1.914499
1076.000000 1.947753 1.947009
1077.000000 1.953633 1.954773
1078.000000 1.900458 1.899673
1094.000000 1.889700 1.888452
1095.000000 1.827564 1.825863
1096.000000 1.809641 1.815873
1097.000000 1.825350 1.831564
1098.000000 1.836756 1.854883
1099.000000 1.859743 1.870910
1100.000000 1.814631 1.819694
1101.000000 1.777370 1.780046
1105.000000 1.804675 1.804933
1106.000000 1.739937 1.745936
1107.000000 1.714921 1.725205
1108.000000 1.709717 1.723583
1109.000000 1.720741 1.736550
1110.000000 1.741666 1.752242
1111.000000 1.690815 1.699474
1112.000000 1.639275 1.650759
1113.000000 1.638397 1.647506
1114.000000 1.643194 1.650065
1115.000000 1.649826 1.655887
1116.000000 1.657050 1.659027
1117.000000 1.607253 1.602740
1118.000000 1.571101 1.567961
1119.000000 1.567116 1.566431
1122.000000 1.589982 1.569759
1123.000000 1.527787 1.508719
1124.000000 1.513833 1.490237
1125.000000 1.514735 1.499368
1126.000000 1.532878 1.514344
1127.000000 1.553807 1.523109
1128.000000 1.506745 1.476299
1129.000000 1.467159 1.433580
1130.000000 1.470364 1.433064
1131.000000 1.468998 1.439087
1132.000000 1.482411 1.445065
1133.000000 1.491464 1.449865
1136.000000 1.418064 1.378578
1139.000000 1.414213 1.374664
1140.000000 1.351563 1.332173
1141.000000 1.345931 1.318804
1142.000000 1.367914 1.345493
1143.000000 1.374168 1.354477
1144.000000 1.371357 1.340481
1145.000000 1.325467 1.309870
1146.000000 1.297840 1.280981
1147.000000 1.312605 1.298221
1148.000000 1.323732 1.312198
1152.000000 1.257026 1.255171
1153.000000 1.263311 1.259391
1154.000000 1.260379 1.263217
1155.000000 1.257999 1.260978
1156.000000 1.249028 1.247708
1157.000000 1.228288 1.233820
1158.000000 1.237555 1.244166
1159.000000 1.244416 1.243641
1160.000000 1.257935 1.253192
1161.000000 1.263464 1.268136
1162.000000 1.236338 1.265560
1222.000000 1.480290 1.522013
1223.000000 1.500413 1.548347
1231.000000 1.428911 1.459156
1232.000000 1.417648 1.434362
1233.000000 1.440755 1.456251
1234.000000 1.465973 1.492377
1235.000000 1.470093 1.511996
1236.000000 1.463699 1.510722
1237.000000 1.408798 1.444644
1238.000000 1.407616 1.448087
1301.000000 1.438127 1.461944
1302.000000 1.445878 1.467877
1303.000000 1.453229 1.479480
1304.000000 1.438672 1.462677
1305.000000 1.416591 1.439823
1306.000000 1.443194 1.467125
1307.000000 1.455597 1.477190
1308.000000 1.466312 1.495166
1309.000000 1.487642 1.500040
1310.000000 1.461733 1.476386
1311.000000 1.465866 1.465381
1312.000000 1.491340 1.505973
1313.000000 1.501755 1.514942
1314.000000 1.521116 1.533445
1315.000000 1.522218 1.532942
1316.000000 1.467983 1.483406
1317.000000 1.479888 1.495177
1318.000000 1.505669 1.528123
1319.000000 1.508210 1.524457
1320.000000 1.535932 1.546529
1321.000000 1.508537 1.535246
1322.000000 1.492587 1.509827
1323.000000 1.544103 1.552759
1324.000000 1.565431 1.583850
1325.000000 1.589136 1.602769
1326.000000 1.573777 1.589638
1327.000000 1.525762 1.535671
1328.000000 1.527763 1.538952
1329.000000 1.581656 1.600952
1330.000000 1.600516 1.616112
1331.000000 1.596024 1.602743
1332.000000 1.559264 1.560953
1333.000000 1.511921 1.522810
1334.000000 1.556737 1.560186
1335.000000 1.588927 1.607346
1336.000000 1.585164 1.586249
1337.000000 1.560911 1.553266
1350.000000 1.479438 1.492167
1351.000000 1.516869 1.520354
1352.000000 1.548347 1.551425
1353.000000 1.534816 1.527983
1354.000000 1.502362 1.508261
1355.000000 1.479609 1.485223
1356.000000 1.477147 1.482739
1357.000000 1.513836 1.512474
1358.000000 1.522246 1.523996
1359.000000 1.500046 1.500600
1360.000000 1.466373 1.473453
1361.000000 1.440426 1.445790
1362.000000 1.457976 1.459780
1363.000000 1.482566 1.489449
1364.000000 1.472017 1.469864
1365.000000 1.431538 1.439983
1366.000000 1.400092 1.409547
1367.000000 1.399747 1.411016
1368.000000 1.425039 1.430752
1369.000000 1.425806 1.431148
1370.000000 1.387909 1.395098
1371.000000 1.354712 1.369335
1372.000000 1.348446 1.357258
1373.000000 1.361801 1.370559
1374.000000 1.367241 1.374897
1375.000000 1.348483 1.356881
1376.000000 1.317183 1.324121
1377.000000 1.308134 1.319872
1378.000000 1.311224 1.324073
1379.000000 1.313483 1.324341
1380.000000 1.289983 1.333779
1381.000000 1.262773 1.339238
1382.000000 1.268409 1.287529
1383.000000 1.272479 1.292381
1384.000000 1.279763 1.295487
1385.000000 1.276425 1.285251
1386.000000 1.259673 1.279043
1387.000000 1.247298 1.268712
1388.000000 1.250092 1.272354
1389.000000 1.256904 1.277181
1390.000000 1.252672 1.267424
1391.000000 1.235872 1.247601
1392.000000 1.224141 1.244737
1393.000000 1.228500 1.249033
1394.000000 1.233614 1.256328
1395.000000 1.225534 1.244542
1396.000000 1.208036 1.223203
1397.000000 1.194400 1.213483
1398.000000 1.195508 1.215366
1401.000000 1.177349 1.199698
1402.000000 1.161107 1.171659
1403.000000 1.157348 1.174606
1404.000000 1.164463 1.183312
1405.000000 1.166823 1.186438
1406.000000 1.153149 1.169150
1407.000000 1.140723 1.148940
1408.000000 1.127506 1.141527
1409.000000 1.132826 1.157561
1410.000000 1.143971 1.166627
1411.000000 1.140798 1.157800
1412.000000 1.130266 1.146334
1413.000000 1.116867 1.130013
1414.000000 1.115584 1.137043
1415.000000 1.138093 1.153088
1416.000000 1.148648 1.162317
1417.000000 1.145207 1.156359
1418.000000 1.134344 1.147438
1419.000000 1.125601 1.137403
1420.000000 1.137234 1.152350
1421.000000 1.164462 1.178460
1422.000000 1.168930 1.177723
1423.000000 1.158168 1.168337
1424.000000 1.152154 1.164134
1425.000000 1.154303 1.166804
1426.000000 1.183227 1.191644
1427.000000 1.194734 1.199152
1428.000000 1.186347 1.196742
1429.000000 1.178632 1.191101
1430.000000 1.173500 1.181907
1431.000000 1.183859 1.193514
1432.000000 1.209979 1.218230
1433.000000 1.209999 1.218911
1434.000000 1.196280 1.205559
1435.000000 1.194039 1.202070
1436.000000 1.178716 1.195501
1437.000000 1.210997 1.213410
1438.000000 1.220441 1.225974
1439.000000 1.207612 1.230817
1440.000000 1.204010 1.223096
1441.000000 1.204409 1.217938
1442.000000 1.209390 1.221519
1443.000000 1.238273 1.243450
1444.000000 1.239174 1.251570
1445.000000 1.230674 1.255559
1446.000000 1.234093 1.255536
1447.000000 1.233488 1.249855
1448.000000 1.255610 1.265303
1449.000000 1.272343 1.293027
1450.000000 1.277925 1.301761
1451.000000 1.276286 1.303641
1452.000000 1.282585 1.300598
1453.000000 1.280970 1.299887
1454.000000 1.307765 1.332098
1455.000000 1.326038 1.360003
1456.000000 1.325983 1.360088
1457.000000 1.323598 1.357255
1458.000000 1.330077 1.356136
1459.000000 1.336997 1.370272
1460.000000 1.365774 1.402456
1461.000000 1.373002 1.415224
1462.000000 1.361570 1.405757
1463.000000 1.367215 1.402617
1464.000000 1.371051 1.400829
1465.000000 1.383640 1.424871
1478.000000 1.437102 1.472945
1479.000000 1.434703 1.461977
1480.000000 1.430522 1.466094
1481.000000 1.425835 1.461946
1482.000000 1.437677 1.475181
1483.000000 1.450655 1.487045
1484.000000 1.452282 1.480859
1485.000000 1.437263 1.481090
1486.000000 1.444329 1.474491
1487.000000 1.446916 1.478410
1488.000000 1.467986 1.498789
1489.000000 1.472109 1.501502
1490.000000 1.472417 1.494701
1491.000000 1.455670 1.481943
1492.000000 1.455318 1.477645
1493.000000 1.465713 1.490383
1494.000000 1.486160 1.501443
1495.000000 1.487493 1.504480
1496.000000 1.472585 1.485819
1501.000000 1.483617 1.480181
1502.000000 1.459500 1.461302
1503.000000 1.466165 1.473095
1504.000000 1.489684 1.484320
1505.000000 1.492634 1.471698
1506.000000 1.495258 1.474664
1507.000000 1.483307 1.460819
1508.000000 1.475153 1.463003
1509.000000 1.482193 1.471105
1510.000000 1.488080 1.475903
1511.000000 1.475115 1.462377
1512.000000 1.455896 1.433944
1513.000000 1.429295 1.416495
1514.000000 1.400366 1.402898
1515.000000 1.373892 1.381333
1516.000000 1.354142 1.362499
1517.000000 1.337536 1.347127
1518.000000 1.320168 1.328162
1519.000000 1.305965 1.314259
1520.000000 1.290337 1.306973
1521.000000 1.279592 1.297493
1522.000000 1.274932 1.291020
1523.000000 1.278049 1.293193
1647.000000 1.099459 1.101680
1648.000000 1.078818 1.090490
1649.000000 1.066105 1.064187
1650.000000 1.067258 1.067571
1651.000000 1.069326 1.067246
1652.000000 1.067158 1.064344
1653.000000 1.060302 1.059770
1654.000000 1.043155 1.040342
1655.000000 1.046903 1.059186
1656.000000 1.036530 1.041744
1657.000000 1.038621 1.041890
1658.000000 1.031356 1.031091
1659.000000 1.019538 1.031608
1660.000000 1.009450 1.015239
1661.000000 1.017666 1.017889
1662.000000 1.016060 1.021396
1663.000000 1.014330 1.017260
1664.000000 1.008474 1.013461
1665.000000 1.002623 1.005434
1666.000000 1.001322 1.006941
1667.000000 1.005527 1.010473
1668.000000 1.000245 1.009699
1669.000000 0.999253 1.003056
1670.000000 1.001950 1.010518
1671.000000 1.000570 1.009946
1672.000000 1.003497 1.010947
1673.000000 1.000381 1.008230
1674.000000 1.004577 1.008239
1675.000000 1.004119 1.012206
1676.000000 1.006087 1.017641
1677.000000 1.008230 1.018227
1678.000000 1.005743 1.018595
1679.000000 1.007150 1.019777
1680.000000 1.013588 1.027594
1681.000000 1.011606 1.029091
1682.000000 1.016519 1.031381
1683.000000 1.015215 1.032560
1684.000000 1.012309 1.027673
1685.000000 0.994399 1.030942
1686.000000 0.983989 1.038614
1687.000000 0.995984 1.043473
1688.000000 1.007296 1.039520
1689.000000 1.033981 1.045979
1690.000000 1.039389 1.047047
1691.000000 1.050181 1.063466
1692.000000 1.022456 1.068752
1693.000000 1.048775 1.071271
1694.000000 1.049770 1.075124
1695.000000 1.052502 1.074198
1696.000000 1.059059 1.083451
1697.000000 1.064136 1.096313
1698.000000 1.074499 1.103800
1699.000000 1.080161 1.104113
1700.000000 1.097274 1.115564
1701.000000 1.095596 1.121308
1702.000000 1.098677 1.121495
1703.000000 1.099515 1.125799
1704.000000 1.104492 1.131420
1705.000000 1.116023 1.140265
1706.000000 1.123098 1.146158
1707.000000 1.143933 1.179671
1708.000000 1.147479 1.172133
1737.000000 1.224485 1.251114
1738.000000 1.208823 1.234417
1739.000000 1.203727 1.222933
1740.000000 1.207011 1.225360
1741.000000 1.218431 1.236674
1742.000000 1.226903 1.242633
1743.000000 1.208869 1.229371
1756.000000 1.132746 1.147186
1757.000000 1.140898 1.151865
1758.000000 1.130365 1.149873
1759.000000 1.119241 1.132340
1760.000000 1.096243 1.115798
1761.000000 1.090930 1.106887
1762.000000 1.095247 1.105373
1763.000000 1.091941 1.103963
1764.000000 1.083983 1.096476
1765.000000 1.066209 1.076940
1766.000000 1.056935 1.068086
1767.000000 1.052789 1.060853
1768.000000 1.052713 1.057316
1769.000000 1.044927 1.050706
1770.000000 1.032418 1.038145
1771.000000 1.022014 1.021518
1772.000000 1.021653 1.006047
1773.000000 1.003746 1.006288
1774.000000 0.991194 1.005068
1775.000000 0.985982 1.010142
1776.000000 0.980035 0.992396
1777.000000 1.002805 0.975635
1778.000000 0.966670 0.969048
1779.000000 0.963212 0.965647
1780.000000 0.949537 0.960927
1781.000000 0.943620 0.956322
1782.000000 0.937271 0.945436
1783.000000 0.941754 0.934854
1784.000000 0.938753 0.935985
1785.000000 0.938291 0.930764
1786.000000 0.918754 0.925459
1787.000000 0.912360 0.912957
1788.000000 0.908404 0.908266
1789.000000 0.902265 0.906980
1790.000000 0.912307 0.905692
1791.000000 0.897811 0.890865
1792.000000 0.888563 0.891426
1793.000000 0.886079 0.884887
1794.000000 0.882415 0.884562
1795.000000 0.888153 0.887895
1796.000000 0.882710 0.882442
1797.000000 0.879840 0.880709
1798.000000 0.876180 0.878615
1799.000000 0.877888 0.879893
1800.000000 0.881341 0.886095
1801.000000 0.883668 0.885322
1802.000000 0.882385 0.883254
1803.000000 0.884074 0.884321
1826.000000 0.939642 0.959276
1827.000000 0.949997 0.965468
1828.000000 0.964303 0.973997
1829.000000 0.958008 0.975272
1830.000000 0.955303 0.974635
1831.000000 0.964139 0.977797
1832.000000 0.971157 0.985786
1833.000000 0.982840 0.995490
1834.000000 0.987592 1.004039
1835.000000 0.980325 1.008645
1836.000000 0.980341 1.011101
1837.000000 0.991476 1.022831
1838.000000 0.999766 1.024521
1839.000000 1.004969 1.029086
1840.000000 1.001992 1.038940
1841.000000 0.993770 1.021901
1842.000000 1.007840 1.038932
1843.000000 1.027439 1.068154
1866.000000 1.015763 1.031998
1867.000000 1.010429 1.025648
1868.000000 1.015881 1.028698
1869.000000 1.017392 1.038047
1870.000000 1.020481 1.041357
1871.000000 1.025414 1.041026
1872.000000 1.018318 1.031405
1873.000000 1.018355 1.033979
1874.000000 1.022650 1.037527
1875.000000 1.030202 1.045167
1876.000000 1.026111 1.044588
1877.000000 1.026354 1.036169
1878.000000 1.019605 1.031776
1905.000000 0.895288 0.891392
1906.000000 0.896319 0.891478
1907.000000 0.892593 0.888706
1908.000000 0.886157 0.881385
1909.000000 0.873826 0.874490
1910.000000 0.872023 0.868868
1911.000000 0.867096 0.869251
1912.000000 0.869285 0.874092
1913.000000 0.859625 0.865667
1914.000000 0.856503 0.858341
1915.000000 0.852794 0.856308
1916.000000 0.851181 0.853639
1917.000000 0.847245 0.846216
1918.000000 0.850919 0.847648
1921.000000 0.829513 0.822709
1922.000000 0.821789 0.813121
1923.000000 0.827680 0.817030
1924.000000 0.821714 0.813604
1925.000000 0.818566 0.814900
1926.000000 0.814713 0.810637
1927.000000 0.812066 0.815331
1928.000000 0.804895 0.814878
1929.000000 0.819395 0.827900
1930.000000 0.818462 0.828728
1931.000000 0.820958 0.836550
1932.000000 0.834998 0.843036
1933.000000 0.833189 0.845597
1934.000000 0.834546 0.846739
1935.000000 0.852727 0.857077
1936.000000 0.851227 0.859947
1937.000000 0.857132 0.860854
1938.000000 0.861032 0.865825
1939.000000 0.854896 0.867238
1940.000000 0.862688 0.871082
1941.000000 0.864884 0.881204
1942.000000 0.861840 0.888799
1943.000000 0.863776 0.892581
1944.000000 0.868033 0.892870
1945.000000 0.862824 0.893184
1946.000000 0.879879 0.910687
1947.000000 0.883087 0.913700
1948.000000 0.886933 0.924620
1949.000000 0.887511 0.919109
1950.000000 0.890978 0.919679
1951.000000 0.899811 0.931459
1952.000000 0.908687 0.939689
1953.000000 0.904169 0.941917
1954.000000 0.909458 0.938600
1955.000000 0.907391 0.939792
1956.000000 0.906259 0.941462
1957.000000 0.920968 0.950386
1958.000000 0.916455 0.952229
1959.000000 0.916519 0.957427
1960.000000 0.917890 0.958147
1961.000000 0.922662 0.956465
1962.000000 0.924473 0.960956
1963.000000 0.946185 0.983215
1964.000000 0.945863 0.980775
1965.000000 0.947660 0.993314
1966.000000 0.951627 0.994179
1967.000000 0.954474 1.000362
1968.000000 0.969993 1.017134
1969.000000 0.974306 1.024505
1970.000000 0.975362 1.026199
1971.000000 0.977318 1.025468
1972.000000 0.989746 1.034179
1992.000000 0.977858 1.018490
1993.000000 0.982112 1.015002
1994.000000 0.981318 1.010507
1995.000000 0.986678 1.007551
1996.000000 0.982981 1.012652
1997.000000 0.987793 1.014674
1998.000000 0.978128 0.995786
1999.000000 0.977227 0.998221
2000.000000 0.971639 0.996087
2001.000000 0.975411 1.001138
2002.000000 0.992190 1.014882
2003.000000 0.979534 1.004192
2004.000000 0.979821 0.995841
2005.000000 0.971641 0.993144
2006.000000 0.972535 0.997125
2007.000000 0.985190 1.001826
2008.000000 0.995204 1.014186
2009.000000 0.975993 0.996522
2010.000000 0.974059 0.989312
2011.000000 0.966915 0.978428
2012.000000 0.975883 0.982402
2013.000000 0.980541 0.995758
2014.000000 0.985051 0.990186
2015.000000 0.967694 0.971381
2016.000000 0.955406 0.955964
2017.000000 0.948828 0.949640
2018.000000 0.956920 0.963362
2019.000000 0.973421 0.975341
2020.000000 0.947787 0.952729
2021.000000 0.927147 0.927452
2022.000000 0.913807 0.913045
2023.000000 0.921334 0.923080
2024.000000 0.936688 0.931548
2025.000000 0.928910 0.928597
2026.000000 0.894998 0.894972
2027.000000 0.885784 0.883501
2028.000000 0.888547 0.879654
2029.000000 0.895274 0.889225
2030.000000 0.900334 0.897659
2034.000000 0.864058 0.862425
2035.000000 0.866067 0.865775
2036.000000 0.867437 0.862652
2037.000000 0.834057 0.832820
2038.000000 0.834984 0.825149
2039.000000 0.836274 0.829476
2040.000000 0.844867 0.842338
2041.000000 0.844535 0.837722
2042.000000 0.829752 0.824124
2043.000000 0.809728 0.806038
2044.000000 0.812438 0.807678
2045.000000 0.814466 0.815269
2046.000000 0.819809 0.818081
2047.000000 0.848468 0.801510
2048.000000 0.801357 0.795333
2049.000000 0.792986 0.789045
2050.000000 0.795439 0.797340
2051.000000 0.804613 0.803703
2052.000000 0.796943 0.802484
2053.000000 0.794670 0.796814
2054.000000 0.774212 0.783467
2055.000000 0.787460 0.785716
2056.000000 0.787355 0.796243
2057.000000 0.790529 0.797215
2058.000000 0.792057 0.792275
2059.000000 0.778316 0.785039
2060.000000 0.767353 0.783515
2061.000000 0.785730 0.795715
2065.000000 0.788545 0.797528
2066.000000 0.796603 0.809212
2067.000000 0.812642 0.828069
2068.000000 0.818221 0.834910
2069.000000 0.819928 0.825842
2070.000000 0.809111 0.828842
2071.000000 0.807128 0.830315
2072.000000 0.834196 0.851473
2073.000000 0.840023 0.860381
2074.000000 0.843994 0.866421
2075.000000 0.838760 0.851588
2081.000000 0.866601 0.889236
2082.000000 0.865982 0.890362
2083.000000 0.885936 0.912063
2084.000000 0.897624 0.914046
2085.000000 0.896786 0.910937
2086.000000 0.892001 0.903498
2087.000000 0.899977 0.916173
2088.000000 0.906988 0.924577
2089.000000 0.927449 0.943543
2090.000000 0.928406 0.940639
2091.000000 0.925720 0.939586
2095.000000 0.967444 0.981993
2096.000000 0.964581 0.985994
2097.000000 0.968667 0.987267
2098.000000 0.977994 0.991351
2099.000000 0.981824 0.997073
2100.000000 1.002973 1.022698
2101.000000 1.001211 1.011832
2102.000000 1.015164 1.024776
2103.000000 1.006698 1.021453
2104.000000 1.010164 1.020823
2105.000000 1.005778 1.038091
2121.000000 1.031068 1.043678
2122.000000 1.033910 1.045588
2123.000000 1.036734 1.038497
2131.000000 1.027448 1.027919
2132.000000 1.035123 1.032602
2133.000000 1.033273 1.037831
2134.000000 1.025840 1.024961
2135.000000 1.027886 1.025394
2136.000000 1.024673 1.032326
2137.000000 1.029456 1.032806
2138.000000 1.036347 1.036244
2156.000000 0.927506 0.926938
2157.000000 0.917059 0.913360
2158.000000 0.926180 0.918806
2162.000000 0.887357 0.877933
2163.000000 0.894741 0.873151
2171.000000 0.871621 0.872331
2172.000000 0.870601 0.857618
2173.000000 0.866483 0.858664
2174.000000 0.883332 0.866813
2175.000000 0.900464 0.885278
2176.000000 0.872814 0.871313
2177.000000 0.870652 0.860686
2178.000000 0.860294 0.859802
2179.000000 0.855799 0.851693
2180.000000 0.874450 0.867926
2181.000000 0.875064 0.873954
2182.000000 0.864975 0.868233
2183.000000 0.868407 0.864089
2184.000000 0.860912 0.862371
2185.000000 0.858802 0.855401
2186.000000 0.880689 0.878452
2187.000000 0.874350 0.870856
2188.000000 0.863438 0.870287
2189.000000 0.866869 0.868460
2193.000000 0.873572 0.890919
2194.000000 0.875858 0.890419
2195.000000 0.872314 0.886204
2196.000000 0.871413 0.892314
2197.000000 0.895916 0.904184
2198.000000 0.891599 0.909073
2199.000000 0.897601 0.914868
2200.000000 0.897594 0.919601
2201.000000 0.909278 0.924021
2202.000000 0.906963 0.921918
2203.000000 0.926250 0.945027
2209.000000 0.969759 0.990209
2210.000000 0.972703 0.999720
2211.000000 0.983908 1.001827
2212.000000 0.978845 1.001039
2213.000000 0.978608 1.002515
2214.000000 1.014199 1.031428
2215.000000 1.021956 1.036162
2216.000000 1.021271 1.051896
2217.000000 1.014882 1.033919
2218.000000 1.023642 1.039444
2219.000000 1.029199 1.046032
2223.000000 1.065660 1.071985
2224.000000 1.050609 1.060082
2225.000000 1.074725 1.089311
2227.000000 1.091841 1.105174
2228.000000 1.093611 1.139630
2229.000000 1.080177 1.089214
2230.000000 1.077509 1.089119
2231.000000 1.121834 1.137193
2232.000000 1.104349 1.128910
2233.000000 1.110197 1.113176
2246.000000 1.043307 1.059095
2247.000000 1.056966 1.072896
2248.000000 1.120490 1.116137
2249.000000 1.081039 1.080520
2250.000000 1.056647 1.058647
2251.000000 1.060639 1.060619
2252.000000 1.043365 1.046593
2253.000000 1.070327 1.068320
2254.000000 1.083643 1.078668
2255.000000 1.054227 1.048121
2256.000000 1.037535 1.028504
2257.000000 1.027521 1.024738
2258.000000 1.043948 1.037363
2259.000000 1.062520 1.053865
2260.000000 1.051621 1.026644
2261.000000 1.030944 0.990203
2262.000000 1.053283 0.987408
2263.000000 1.017040 0.974222
2264.000000 1.023597 1.012514
2265.000000 1.045932 1.021588
2266.000000 0.995525 0.982179
2267.000000 0.985736 0.972049
2268.000000 0.991063 0.969310
2269.000000 0.997937 0.981265
2270.000000 0.996150 0.983881
2271.000000 0.994857 0.970826
2272.000000 0.956033 0.935240
2273.000000 0.953733 0.932199
2274.000000 0.965831 0.948690
2275.000000 0.971722 0.949939
2276.000000 0.967385 0.949603
2277.000000 0.944792 0.911411
2278.000000 0.922809 0.902391
2279.000000 0.927285 0.906724
2280.000000 0.935687 0.920561
2281.000000 0.942415 0.917674
2282.000000 0.935238 0.906479
2283.000000 0.894518 0.871172
2284.000000 0.896504 0.873174
2285.000000 0.904644 0.881015
2286.000000 0.908241 0.884969
2287.000000 0.901544 0.882177
2288.000000 0.880766 0.848432
2289.000000 0.869862 0.837007
2290.000000 0.877535 0.857292
2291.000000 0.881371 0.864042
2292.000000 0.883854 0.856684
2293.000000 0.874699 0.847088
2294.000000 0.839628 0.815743
2295.000000 0.852152 0.823917
2296.000000 0.865741 0.842963
2297.000000 0.874200 0.846089
2298.000000 0.865563 0.840978
2299.000000 0.849538 0.821864
2300.000000 0.834330 0.816061
2301.000000 0.856368 0.844354
2382.000000 1.056401 1.053307
2383.000000 1.055349 1.052257
2384.000000 1.067247 1.058106
2385.000000 1.074431 1.070739
2386.000000 1.057445 1.044324
2387.000000 1.039729 1.032494
2388.000000 1.034348 1.024760
2389.000000 1.038733 1.031995
2390.000000 1.046970 1.031843
2391.000000 1.044954 1.029193
2392.000000 1.022490 1.009149
2393.000000 1.012017 1.003161
2394.000000 1.014087 1.001114
2395.000000 1.021817 1.003384
2396.000000 1.021231 0.997516
2397.000000 1.005938 0.989665
2398.000000 0.991354 0.975359
2399.000000 0.988731 0.973476
2484.000000 1.030188 1.027419
2485.000000 1.023301 1.033590
2502.000000 0.973078 0.981338
2503.000000 0.971457 0.969620
2504.000000 0.980438 0.970706
2505.000000 0.974165 0.978803
2506.000000 0.907985 0.981205
2507.000000 0.935905 0.947211
2508.000000 0.896930 0.899930
2509.000000 0.883939 0.985796
2510.000000 0.866455 0.868565
2511.000000 0.884631 0.886724
2512.000000 0.887233 0.901916
2513.000000 0.912430 0.898726
2514.000000 0.908991 0.890287
2515.000000 0.907735 0.904990
2516.000000 0.917834 0.911458
2517.000000 0.900970 0.892107
2518.000000 0.892694 0.869874
2519.000000 0.886903 0.866077
2520.000000 0.882305 0.868674
2521.000000 0.884724 0.874762
2522.000000 0.895892 0.866001
2523.000000 0.862429 0.846760
2524.000000 0.860537 0.842038
2525.000000 0.855908 0.837042
2526.000000 0.851755 0.839251
2527.000000 0.854811 0.842373
2528.000000 0.842936 0.827071
2529.000000 0.831073 0.809645
2530.000000 0.821546 0.800466
2531.000000 0.818410 0.800311
2532.000000 0.813420 0.803143
2533.000000 0.811039 0.794191
2534.000000 0.791613 0.774275
2535.000000 0.784318 0.764733
2536.000000 0.780583 0.767211
2537.000000 0.774638 0.761311
2538.000000 0.779132 0.765791
2539.000000 0.768658 0.752505
2540.000000 0.755010 0.734187
2541.000000 0.753937 0.740866
2542.000000 0.757949 0.739689
2543.000000 0.757428 0.747280
2544.000000 0.755575 0.749894
2545.000000 0.737566 0.732262
2546.000000 0.738794 0.727119
2547.000000 0.750026 0.742691
2548.000000 0.751423 0.739425
2571.000000 0.740107 0.750698
2572.000000 0.741117 0.756569
2573.000000 0.736264 0.751632
2574.000000 0.760707 0.773081
2575.000000 0.767539 0.782008
2576.000000 0.754475 0.768488
2577.000000 0.757279 0.767116
2578.000000 0.758968 0.770871
2579.000000 0.760513 0.778509
2580.000000 0.796683 0.812907
2581.000000 0.779229 0.802040
2582.000000 0.771275 0.793280
2583.000000 0.777341 0.802731
2584.000000 0.774806 0.804149
2585.000000 0.803411 0.822524
2586.000000 0.815075 0.840954
2587.000000 0.791322 0.813453
2588.000000 0.793742 0.815644
2589.000000 0.799996 0.834746
2590.000000 0.808071 0.842765
2591.000000 0.834140 0.871808
2592.000000 0.830606 0.857945
2593.000000 0.813399 0.836453
2594.000000 0.820175 0.853222
2595.000000 0.832286 0.864168
2596.000000 0.842578 0.876925
2597.000000 0.865896 0.896981
2598.000000 0.840415 0.866175
2599.000000 0.841759 0.865698
2600.000000 0.850783 0.883409
2601.000000 0.858040 0.895009
2602.000000 0.886346 0.907214
2603.000000 0.877510 0.906458
2604.000000 0.860595 0.874648
2605.000000 0.859799 0.885628
2606.000000 0.878995 0.905892
2607.000000 0.882166 0.906509
2608.000000 0.898783 0.921855
2609.000000 0.877243 0.899593
2610.000000 0.867368 0.893106
2611.000000 0.879506 0.905556
2612.000000 0.893614 0.916850
2613.000000 0.895260 0.916781
2614.000000 0.899256 0.916139
2615.000000 0.871411 0.893673
2616.000000 0.885393 0.906023
2617.000000 0.898398 0.917961
2630.000000 0.888940 0.905415
2631.000000 0.887401 0.901132
2632.000000 0.868200 0.878826
2633.000000 0.882463 0.894991
2634.000000 0.886495 0.893903
2635.000000 0.878912 0.878771
2636.000000 0.881780 0.882509
2637.000000 0.873313 0.876079
2638.000000 0.860889 0.872234
2639.000000 0.873492 0.879797
2640.000000 0.868929 0.871709
2641.000000 0.862536 0.855285
2642.000000 0.870523 0.876892
2643.000000 0.852768 0.852575
2644.000000 0.866372 0.868163
2645.000000 0.866536 0.864029
2646.000000 0.860488 0.848691
2647.000000 0.853567 0.853547
2648.000000 0.855337 0.851752
2649.000000 0.838278 0.827471
2650.000000 0.851609 0.843639
2651.000000 0.844892 0.835703
2652.000000 0.827952 0.820491
2653.000000 0.841797 0.830843
2654.000000 0.825428 0.815315
2655.000000 0.812043 0.816501
2656.000000 0.829271 0.816317
2657.000000 0.813208 0.805093
2658.000000 0.808797 0.802949
2659.000000 0.820397 0.807806
2660.000000 0.794231 0.787126
2661.000000 0.794814 0.794299
2662.000000 0.792540 0.794274
2663.000000 0.792750 0.780517
2664.000000 0.791044 0.796144
2665.000000 0.791118 0.789337
2666.000000 0.775613 0.770869
2667.000000 0.784089 0.782959
2668.000000 0.779422 0.769718
2691.000000 0.797047 0.811320
2692.000000 0.797268 0.822037
2693.000000 0.791794 0.815754
2694.000000 0.782526 0.804372
2695.000000 0.812339 0.834953
2696.000000 0.811892 0.835160
2697.000000 0.807230 0.839452
2698.000000 0.816883 0.844142
2699.000000 0.805465 0.821480
2700.000000 0.809951 0.837120
2701.000000 0.832896 0.861766
2702.000000 0.835098 0.859344
2703.000000 0.827628 0.857865
2704.000000 0.832761 0.856015
2705.000000 0.819067 0.847466
2706.000000 0.845989 0.878816
2707.000000 0.852694 0.880910
2708.000000 0.850836 0.881872
2709.000000 0.845100 0.875327
2710.000000 0.844463 0.875878
2711.000000 0.854721 0.890670
2712.000000 0.874103 0.911553
2713.000000 0.867082 0.898365
2714.000000 0.863178 0.898331
2715.000000 0.868444 0.895067
2716.000000 0.856126 0.896696
2717.000000 0.883254 0.917522
2718.000000 0.897140 0.934665
2719.000000 0.887946 0.918461
2720.000000 0.878057 0.912264
2721.000000 0.882543 0.914465
2722.000000 0.892095 0.915174
2723.000000 0.904706 0.945169
2724.000000 0.904944 0.929865
2725.000000 0.888927 0.918933
2726.000000 0.892955 0.929143
2727.000000 0.889450 0.916791
2728.000000 0.895330 0.928824
2729.000000 0.910697 0.942590
2730.000000 0.890775 0.918309
2731.000000 0.886139 0.916587
2732.000000 0.892966 0.918189
2733.000000 0.882780 0.909785
2734.000000 0.906372 0.931016
2735.000000 0.898126 0.923124
2736.000000 0.875538 0.904573
2737.000000 0.873067 0.903963
2738.000000 0.881054 0.908109
2739.000000 0.884826 0.911611
2740.000000 0.898782 0.913694
2741.000000 0.876293 0.895105
2742.000000 0.870206 0.880509
2743.000000 0.869078 0.892501
2744.000000 0.860330 0.890180
2745.000000 0.879045 0.901080
2758.000000 0.823211 0.845411
2759.000000 0.824210 0.837994
2760.000000 0.832476 0.838471
2761.000000 0.814063 0.838447
2762.000000 0.828033 0.832943
2763.000000 0.806235 0.815969
2764.000000 0.801595 0.803693
2765.000000 0.795492 0.805863
2766.000000 0.792744 0.805662
2767.000000 0.788195 0.796206
2768.000000 0.788588 0.785951
2769.000000 0.768646 0.778714
2770.000000 0.761594 0.767303
2771.000000 0.772410 0.765039
2772.000000 0.763273 0.767156
2773.000000 0.755208 0.752807
2774.000000 0.749822 0.760385
2775.000000 0.736775 0.734297
2776.000000 0.738155 0.735138
2777.000000 0.737319 0.732038
2778.000000 0.729163 0.733531
2779.000000 0.731666 0.722173
2780.000000 0.715250 0.715329
2781.000000 0.708925 0.707419
2782.000000 0.705492 0.709219
2783.000000 0.689982 0.710235
2784.000000 0.685610 0.703147
2785.000000 0.698102 0.697170
2786.000000 0.680910 0.688672
2787.000000 0.679905 0.692902
2788.000000 0.670294 0.680984
2789.000000 0.663919 0.674908
2790.000000 0.653561 0.675798
2791.000000 0.662154 0.669819
2792.000000 0.652525 0.668625
2793.000000 0.645958 0.661532
2794.000000 0.638149 0.655200
2795.000000 0.631634 0.647583
2796.000000 0.639133 0.648102
2797.000000 0.637117 0.644343
2798.000000 0.628225 0.643189
2799.000000 0.618811 0.634727
2800.000000 0.616483 0.630188
2801.000000 0.616184 0.635779
2802.000000 0.620147 0.629728
2803.000000 0.612563 0.633361
2804.000000 0.611799 0.631063
2805.000000 0.614018 0.617961
2806.000000 0.611764 0.624423
2807.000000 0.609843 0.628260
2808.000000 0.605703 0.633568
2809.000000 0.614932 0.633376
2810.000000 0.609627 0.624690
2811.000000 0.608765 0.629998
2812.000000 0.611548 0.632155
2813.000000 0.617239 0.644176
2814.000000 0.622067 0.647773
2815.000000 0.617177 0.647204
2816.000000 0.620892 0.647676
2817.000000 0.617980 0.650001
2818.000000 0.627714 0.661327
2819.000000 0.636483 0.667502
2820.000000 0.636018 0.667277
2821.000000 0.640474 0.659964
2822.000000 0.637114 0.675490
2823.000000 0.646172 0.676851
2824.000000 0.648372 0.683426
2825.000000 0.655372 0.687598
2826.000000 0.658170 0.693578
2827.000000 0.650352 0.688523
2828.000000 0.661563 0.698225
2829.000000 0.665158 0.708184
2830.000000 0.673233 0.709135
2831.000000 0.681336 0.714658
2832.000000 0.670420 0.711229
2833.000000 0.674521 0.717026
2834.000000 0.680258 0.727698
2835.000000 0.695411 0.734601
2836.000000 0.694811 0.737001
2837.000000 0.695469 0.737434
2838.000000 0.683984 0.730359
2839.000000 0.698101 0.749002
2840.000000 0.709662 0.751666
2841.000000 0.713533 0.755392
2842.000000 0.712895 0.760573
2843.000000 0.710004 0.754148
2844.000000 0.719756 0.762102
2845.000000 0.730899 0.780645
2846.000000 0.742936 0.784991
2847.000000 0.738324 0.783150
2848.000000 0.747528 0.792370
2849.000000 0.732239 0.790717
2850.000000 0.754492 0.802797
2851.000000 0.761931 0.817596
2852.000000 0.761099 0.813423
2853.000000 0.764263 0.815604
2854.000000 0.768943 0.825312
2855.000000 0.767495 0.826272
2856.000000 0.786525 0.838672
2857.000000 0.794982 0.847948
2858.000000 0.789215 0.842910
2859.000000 0.791347 0.847948
2860.000000 0.791943 0.848531
2861.000000 0.797436 0.852160
2862.000000 0.814158 0.872249
2863.000000 0.820741 0.860257
2864.000000 0.807246 0.850171
2865.000000 0.818617 0.868901
2866.000000 0.807878 0.859405
2867.000000 0.828886 0.874695
2868.000000 0.830584 0.876345
2869.000000 0.819222 0.871040
2870.000000 0.820227 0.870429
2871.000000 0.821767 0.870492
2872.000000 0.829556 0.873501
2873.000000 0.835375 0.882272
2886.000000 0.825544 0.866329
2887.000000 0.834993 0.872927
2888.000000 0.833370 0.869540
2889.000000 0.831023 0.870265
2890.000000 0.831649 0.874335
2891.000000 0.827699 0.866846
2892.000000 0.818752 0.856066
2893.000000 0.840663 0.871385
2894.000000 0.818910 0.854837
2895.000000 0.830987 0.854080
2896.000000 0.820734 0.851866
2897.000000 0.817498 0.850525
2898.000000 0.826118 0.848153
2899.000000 0.817988 0.847625
2900.000000 0.808863 0.842994
2901.000000 0.814175 0.844973
2902.000000 0.803459 0.833394
2903.000000 0.800974 0.828153
2904.000000 0.810747 0.841861
2905.000000 0.801241 0.829268
2906.000000 0.791502 0.822384
2907.000000 0.801784 0.828827
2908.000000 0.785757 0.816592
2909.000000 0.787959 0.816479
2910.000000 0.797366 0.826669
2911.000000 0.772691 0.807933
2912.000000 0.779697 0.811940
2913.000000 0.780604 0.808770
2914.000000 0.779041 0.797907
2915.000000 0.779966 0.802217
2916.000000 0.769491 0.806739
2917.000000 0.752184 0.785675
2918.000000 0.770272 0.797775
2919.000000 0.755531 0.786308
2920.000000 0.756555 0.781344
2921.000000 0.753571 0.784009
2922.000000 0.738362 0.768001
2923.000000 0.735425 0.768909
2924.000000 0.747158 0.771570
2925.000000 0.736750 0.760437
2926.000000 0.725716 0.761690
2927.000000 0.725574 0.755366
2928.000000 0.705699 0.739065
2929.000000 0.730106 0.761724
2930.000000 0.715091 0.742096
2931.000000 0.711973 0.736408
2932.000000 0.716412 0.739735
2933.000000 0.699674 0.732371
2934.000000 0.697148 0.736218
2935.000000 0.712658 0.746973
2936.000000 0.702635 0.731982
2937.000000 0.699145 0.725280
2938.000000 0.707734 0.732291
2939.000000 0.691713 0.726081
2940.000000 0.712379 0.744990
2941.000000 0.713018 0.745207
2942.000000 0.700481 0.735741
2943.000000 0.708882 0.744230
2944.000000 0.716605 0.745322
2945.000000 0.713908 0.739321
2946.000000 0.733064 0.773329
2947.000000 0.717429 0.752217
2948.000000 0.720878 0.748533
2949.000000 0.727606 0.762393
2950.000000 0.723554 0.759384
2951.000000 0.739366 0.774877
2952.000000 0.748663 0.778339
2953.000000 0.728284 0.767474
2954.000000 0.733645 0.778750
2955.000000 0.742937 0.781332
2956.000000 0.731282 0.766793
2957.000000 0.749748 0.789348
2958.000000 0.736887 0.784925
2959.000000 0.730737 0.770667
2960.000000 0.737586 0.770824
2961.000000 0.735113 0.776178
2962.000000 0.733508 0.774788
2963.000000 0.743065 0.788679
2964.000000 0.722375 0.761761
2965.000000 0.719712 0.765994
2966.000000 0.726421 0.773514
2967.000000 0.716277 0.764405
2968.000000 0.726430 0.772491
2969.000000 0.719759 0.774650
2970.000000 0.708327 0.754297
2971.000000 0.710943 0.766138
2972.000000 0.717546 0.766986
2973.000000 0.706915 0.759969
2974.000000 0.728132 0.782392
2975.000000 0.711468 0.751539
2976.000000 0.698164 0.751100
2977.000000 0.707447 0.767892
2978.000000 0.712247 0.757192
2979.000000 0.718327 0.763083
2980.000000 0.728556 0.774011
2981.000000 0.701704 0.746943
2982.000000 0.706791 0.753443
2983.000000 0.714931 0.762359
2984.000000 0.710436 0.765044
2985.000000 0.723878 0.768875
2986.000000 0.706955 0.753463
2987.000000 0.696380 0.741379
2988.000000 0.707227 0.755667
2989.000000 0.698571 0.743843
2990.000000 0.695883 0.751875
2991.000000 0.705619 0.750771
2992.000000 0.679366 0.726165
2993.000000 0.685177 0.729937
2994.000000 0.690576 0.732264
2995.000000 0.677977 0.726312
2996.000000 0.681424 0.730099
2997.000000 0.676093 0.716460
2998.000000 0.659693 0.701227
2999.000000 0.666525 0.708611
3000.000000 0.659468 0.709309
3001.000000 0.658391 0.703100
3014.000000 0.626538 0.659929
3015.000000 0.614452 0.652694
3016.000000 0.629330 0.663242
3017.000000 0.627232 0.663886
3018.000000 0.618121 0.652334
3019.000000 0.625659 0.662901
3020.000000 0.607411 0.644432
3021.000000 0.610553 0.655647
3022.000000 0.620679 0.667198
3023.000000 0.617139 0.649631
3024.000000 0.618580 0.646092
3025.000000 0.602973 0.643199
3026.000000 0.600285 0.646984
3027.000000 0.613329 0.652237
3028.000000 0.617814 0.646204
3029.000000 0.599498 0.644997
3030.000000 0.607257 0.640250
3031.000000 0.599189 0.635317
3032.000000 0.599994 0.623685
3033.000000 0.609727 0.640023
3034.000000 0.595419 0.628060
3035.000000 0.590946 0.625467
3036.000000 0.592408 0.623642
3037.000000 0.585966 0.619617
3038.000000 0.595414 0.628284
3039.000000 0.592755 0.626695
3040.000000 0.580852 0.618273
3041.000000 0.580717 0.613679
3042.000000 0.581200 0.606724
3043.000000 0.574647 0.611520
3044.000000 0.588576 0.621948
3045.000000 0.576299 0.617818
3046.000000 0.570917 0.614730
3047.000000 0.579439 0.617745
3048.000000 0.577283 0.615150
3049.000000 0.582297 0.614611
3050.000000 0.575587 0.617262
3051.000000 0.572975 0.613013
3052.000000 0.578484 0.614873
3053.000000 0.583050 0.618802
3054.000000 0.579697 0.619696
3055.000000 0.588663 0.618592
3056.000000 0.584396 0.623442
3057.000000 0.581733 0.617680
3058.000000 0.595600 0.623574
3059.000000 0.586383 0.624357
3060.000000 0.585951 0.629179
3061.000000 0.595709 0.635013
3062.000000 0.595274 0.634229
3063.000000 0.594266 0.628061
3064.000000 0.599840 0.647288
3065.000000 0.595561 0.639380
3066.000000 0.603517 0.644962
3067.000000 0.604687 0.642430
3068.000000 0.608634 0.644219
3069.000000 0.605767 0.656180
3070.000000 0.604069 0.655999
3073.000000 0.619549 0.660671
3074.000000 0.622511 0.667297
3075.000000 0.625567 0.672420
3076.000000 0.628338 0.669971
3077.000000 0.625693 0.668517
3078.000000 0.640487 0.674708
3079.000000 0.633875 0.676568
3080.000000 0.635121 0.687178
3081.000000 0.641065 0.684299
3082.000000 0.641284 0.695701
3083.000000 0.643313 0.693760
3084.000000 0.648516 0.696917
3085.000000 0.655651 0.699887
3086.000000 0.657174 0.700647
3087.000000 0.650484 0.704672
3088.000000 0.653834 0.698560
3089.000000 0.650228 0.705564
3090.000000 0.656619 0.706989
3091.000000 0.663893 0.716315
3092.000000 0.663394 0.712869
3093.000000 0.668112 0.718549
3094.000000 0.663421 0.713418
3095.000000 0.674520 0.717328
3096.000000 0.673211 0.728011
3097.000000 0.674468 0.726388
3098.000000 0.668528 0.725959
3099.000000 0.674553 0.731935
3100.000000 0.676048 0.725745
3101.000000 0.687181 0.735536
3102.000000 0.688550 0.734476
3103.000000 0.686950 0.744320
3104.000000 0.691437 0.737863
3105.000000 0.688941 0.736922
3106.000000 0.692337 0.746412
3107.000000 0.693633 0.757882
3108.000000 0.706902 0.751954
3109.000000 0.700108 0.749056
3110.000000 0.703354 0.751263
3111.000000 0.705673 0.755892
3112.000000 0.713569 0.763405
3113.000000 0.721947 0.771068
3114.000000 0.713292 0.768053
3115.000000 0.714582 0.763622
3116.000000 0.721754 0.773192
3117.000000 0.717117 0.769571
3118.000000 0.730776 0.775645
3119.000000 0.733627 0.765601
3120.000000 0.722001 0.769201
3121.000000 0.721231 0.767093
3122.000000 0.721799 0.769336
3123.000000 0.726182 0.765298
3124.000000 0.731558 0.772791
3125.000000 0.721359 0.760978
3126.000000 0.714260 0.753738
3127.000000 0.726497 0.767245
3128.000000 0.722659 0.757315
3129.000000 0.717926 0.759803
3142.000000 0.706402 0.742422
3143.000000 0.712212 0.754751
3144.000000 0.727147 0.756830
3145.000000 0.717133 0.760801
3146.000000 0.719685 0.759297
3147.000000 0.724399 0.758655
3148.000000 0.711414 0.751652
3149.000000 0.723394 0.761484
3150.000000 0.736128 0.766306
3151.000000 0.727240 0.757192
3152.000000 0.736121 0.764421
3153.000000 0.733312 0.758995
3154.000000 0.729067 0.763216
3155.000000 0.731532 0.772764
3156.000000 0.739206 0.765446
3157.000000 0.732659 0.777802
3158.000000 0.738487 0.782338
3159.000000 0.727727 0.759685
3160.000000 0.735104 0.764302
3161.000000 0.733151 0.769276
3162.000000 0.729661 0.764260
3163.000000 0.739717 0.773739
3164.000000 0.727735 0.769745
3165.000000 0.723813 0.754121
3166.000000 0.729256 0.769708
3167.000000 0.731255 0.765535
3168.000000 0.725491 0.758108
3169.000000 0.732330 0.777809
3170.000000 0.721224 0.753954
3171.000000 0.725764 0.754425
3172.000000 0.724668 0.760667
3173.000000 0.725487 0.757897
3174.000000 0.724717 0.760653
3175.000000 0.726584 0.763599
3176.000000 0.710063 0.749509
3177.000000 0.717310 0.748608
3178.000000 0.723608 0.756082
3179.000000 0.714412 0.748951
3180.000000 0.725718 0.764753
3181.000000 0.715622 0.748201
3182.000000 0.701357 0.747365
3183.000000 0.711023 0.754674
3184.000000 0.704936 0.754919
3185.000000 0.708469 0.752845
3186.000000 0.715315 0.756422
3187.000000 0.698431 0.735973
3188.000000 0.703485 0.734697
3189.000000 0.709109 0.743666
3190.000000 0.696858 0.733931
3191.000000 0.696330 0.742123
3192.000000 0.692740 0.739294
3193.000000 0.681012 0.727854
3194.000000 0.692032 0.736477
3195.000000 0.690205 0.734113
3196.000000 0.688922 0.735352
3197.000000 0.693329 0.741181
3198.000000 0.675893 0.717913
3199.000000 0.671629 0.716436
3200.000000 0.682798 0.723310
3201.000000 0.675129 0.724079
3202.000000 0.687607 0.723963
3203.000000 0.674452 0.717342
3204.000000 0.664025 0.703581
3205.000000 0.672712 0.713943
3206.000000 0.671107 0.721859
3207.000000 0.673544 0.721787
3208.000000 0.669676 0.720300
3209.000000 0.667322 0.703956
3210.000000 0.659582 0.703181
3211.000000 0.658360 0.711522
3212.000000 0.666020 0.716014
3213.000000 0.655340 0.714432
3214.000000 0.664501 0.712562
3215.000000 0.648808 0.696445
3216.000000 0.656925 0.702054
3217.000000 0.663439 0.715417
3218.000000 0.657781 0.702329
3219.000000 0.652407 0.698238
3220.000000 0.644610 0.691134
3221.000000 0.648356 0.682860
3222.000000 0.649502 0.704475
3223.000000 0.651226 0.702968
3224.000000 0.648656 0.691238
3225.000000 0.647048 0.688519
3226.000000 0.637777 0.683464
3227.000000 0.639770 0.677349
3228.000000 0.641113 0.682239
3229.000000 0.640504 0.685920
3230.000000 0.638593 0.680859
3231.000000 0.634904 0.665724
3232.000000 0.621606 0.667948
3233.000000 0.628855 0.678256
3234.000000 0.634312 0.680775
3235.000000 0.627554 0.673198
3236.000000 0.622720 0.668292
3237.000000 0.618303 0.655356
3238.000000 0.615793 0.656455
3239.000000 0.620173 0.669081
3240.000000 0.624473 0.662377
3241.000000 0.610897 0.657621
3242.000000 0.612128 0.650733
3243.000000 0.600156 0.643306
3244.000000 0.617446 0.650198
3245.000000 0.613682 0.659248
3246.000000 0.602525 0.641591
3247.000000 0.601451 0.645667
3248.000000 0.594426 0.636013
3249.000000 0.602587 0.638123
3250.000000 0.608810 0.640715
3251.000000 0.596924 0.638097
3252.000000 0.592196 0.633149
3253.000000 0.586642 0.622845
3254.000000 0.588256 0.616837
3255.000000 0.590089 0.634481
3256.000000 0.590792 0.628374
3257.000000 0.588125 0.622498
3270.000000 0.565983 0.598779
3271.000000 0.562846 0.598839
3272.000000 0.581346 0.611719
3273.000000 0.558950 0.600264
3274.000000 0.563135 0.586980
3275.000000 0.561290 0.598324
3276.000000 0.566730 0.588926
3277.000000 0.575962 0.602544
3278.000000 0.575796 0.609025
3279.000000 0.556938 0.582084
3280.000000 0.564535 0.589447
3281.000000 0.558879 0.589302
3282.000000 0.567510 0.594516
3283.000000 0.573482 0.605496
3284.000000 0.568468 0.593704
3285.000000 0.555001 0.585877
3286.000000 0.559314 0.590509
3287.000000 0.567220 0.598152
3288.000000 0.570120 0.603198
3289.000000 0.569361 0.608264
3290.000000 0.558692 0.594516
3291.000000 0.555448 0.581488
3292.000000 0.569642 0.596428
3293.000000 0.566016 0.599736
3294.000000 0.566436 0.608980
3295.000000 0.568882 0.603178
3296.000000 0.548658 0.581279
3297.000000 0.561725 0.598036
3298.000000 0.568971 0.595296
3299.000000 0.564142 0.596361
3300.000000 0.571226 0.616293
3301.000000 0.558660 0.593082
3302.000000 0.551420 0.584090
3303.000000 0.570863 0.609026
3304.000000 0.578437 0.612839
3305.000000 0.565193 0.613892
3306.000000 0.580162 0.603897
3307.000000 0.565760 0.597930
3308.000000 0.566930 0.606982
3309.000000 0.575410 0.620692
3310.000000 0.579400 0.613128
3311.000000 0.582701 0.629338
3312.000000 0.580986 0.627293
3313.000000 0.567223 0.613130
3314.000000 0.585135 0.632817
3315.000000 0.597399 0.633785
3316.000000 0.595616 0.630593
3317.000000 0.602857 0.641256
3318.000000 0.597189 0.625714
3319.000000 0.597470 0.637949
3320.000000 0.607390 0.650449
3321.000000 0.613692 0.650257
3322.000000 0.619901 0.661173
3323.000000 0.614711 0.648656
3324.000000 0.602686 0.650019
3325.000000 0.614859 0.659011
3326.000000 0.625249 0.670313
3327.000000 0.617067 0.665505
3328.000000 0.618298 0.666921
3329.000000 0.623876 0.662062
3330.000000 0.616130 0.658777
3331.000000 0.640938 0.685977
3332.000000 0.633213 0.689695
3333.000000 0.630635 0.680390
3334.000000 0.634211 0.692253
3335.000000 0.629724 0.672726
3336.000000 0.629844 0.693913
3337.000000 0.645599 0.694606
3338.000000 0.651661 0.691568
3339.000000 0.645742 0.688374
3340.000000 0.641204 0.686398
3341.000000 0.638385 0.683814
3342.000000 0.651518 0.707662
3343.000000 0.657194 0.709255
3344.000000 0.646618 0.696194
3345.000000 0.648642 0.697322
3346.000000 0.645410 0.696102
3347.000000 0.647176 0.705976
3348.000000 0.659042 0.715367
3349.000000 0.664338 0.709960
3350.000000 0.655873 0.705148
3351.000000 0.666753 0.711598
3352.000000 0.651611 0.702056
3353.000000 0.667284 0.713642
3354.000000 0.680125 0.722512
3355.000000 0.671533 0.715448
3356.000000 0.669684 0.719625
3357.000000 0.680945 0.718618
3358.000000 0.670254 0.708382
3359.000000 0.687063 0.744614
3360.000000 0.687401 0.735367
3361.000000 0.679356 0.733731
3362.000000 0.690091 0.740298
3363.000000 0.692282 0.735386
3364.000000 0.706426 0.753112
3365.000000 0.706860 0.752778
3366.000000 0.702998 0.751243
3367.000000 0.703350 0.759770
3368.000000 0.709044 0.759912
3369.000000 0.704039 0.755467
3370.000000 0.713653 0.770483
3371.000000 0.723274 0.770556
3372.000000 0.714452 0.765082
3373.000000 0.721272 0.771203
3374.000000 0.714133 0.762195
3375.000000 0.722128 0.759117
3376.000000 0.726056 0.767357
3377.000000 0.716381 0.764581
3378.000000 0.717128 0.762747
3379.000000 0.722747 0.763981
3380.000000 0.709520 0.755795
3381.000000 0.716836 0.759079
3382.000000 0.713551 0.756513
3383.000000 0.711852 0.753750
3384.000000 0.712441 0.747358
3385.000000 0.705019 0.741109
3398.000000 0.671932 0.698563
3399.000000 0.666543 0.701781
3400.000000 0.668522 0.705556
3401.000000 0.663783 0.699434
3402.000000 0.661514 0.688758
3403.000000 0.665849 0.699555
3404.000000 0.657679 0.682437
3405.000000 0.653159 0.684389
3406.000000 0.659794 0.687452
3407.000000 0.656078 0.681270
3408.000000 0.644599 0.674651
3409.000000 0.645797 0.675552
3410.000000 0.635145 0.669370
3411.000000 0.632903 0.661144
3412.000000 0.638346 0.657784
3413.000000 0.630662 0.643248
3414.000000 0.617738 0.643918
3415.000000 0.616528 0.642118
3416.000000 0.606653 0.633090
3417.000000 0.608566 0.636328
3418.000000 0.602931 0.635061
3419.000000 0.593954 0.623029
3420.000000 0.588632 0.616694
3421.000000 0.589941 0.613340
3422.000000 0.588791 0.609751
3423.000000 0.582494 0.611055
3424.000000 0.574190 0.588992
3425.000000 0.573987 0.594914
3426.000000 0.561913 0.592885
3427.000000 0.563657 0.585432
3428.000000 0.557134 0.579086
3429.000000 0.557537 0.589491
3430.000000 0.541974 0.577036
3431.000000 0.546515 0.580157
3432.000000 0.546104 0.578116
3433.000000 0.543531 0.575902
3434.000000 0.543034 0.571143
3435.000000 0.539007 0.568858
3436.000000 0.533597 0.562680
3437.000000 0.536739 0.569789
3438.000000 0.534224 0.567656
3439.000000 0.527361 0.571959
3440.000000 0.531853 0.563218
3441.000000 0.531228 0.559675
3442.000000 0.531306 0.566061
3443.000000 0.523401 0.567416
3444.000000 0.525211 0.563822
3465.000000 0.512889 0.567653
3466.000000 0.511190 0.565791
3467.000000 0.518212 0.579506
3468.000000 0.522847 0.573351
3469.000000 0.519358 0.572630
3470.000000 0.517486 0.571459
3471.000000 0.516973 0.572918
3472.000000 0.519419 0.573474
3473.000000 0.523311 0.581489
3474.000000 0.522455 0.581257
3475.000000 0.523742 0.577469
3476.000000 0.517983 0.580122
3477.000000 0.517680 0.567356
3478.000000 0.534471 0.581107
3479.000000 0.527632 0.581685
3480.000000 0.527589 0.572803
3481.000000 0.530660 0.575311
3482.000000 0.513288 0.575471
3483.000000 0.520106 0.574837
3484.000000 0.519420 0.589800
3485.000000 0.526401 0.580891
3486.000000 0.518630 0.576001
3487.000000 0.520189 0.578527
3488.000000 0.523695 0.577565
3489.000000 0.528140 0.582725
3490.000000 0.535930 0.590039
3491.000000 0.530060 0.589728
3492.000000 0.522925 0.578750
3493.000000 0.516844 0.585260
3494.000000 0.523585 0.575565
3495.000000 0.540830 0.596397
3496.000000 0.540986 0.602289
3497.000000 0.526487 0.580213
3498.000000 0.528506 0.581651
3499.000000 0.524575 0.575891
3500.000000 0.537240 0.583624
3501.000000 0.534964 0.587457
3502.000000 0.523796 0.583926
3503.000000 0.536255 0.584604
3504.000000 0.535976 0.581660
3505.000000 0.525673 0.584268
3506.000000 0.543195 0.588719
3507.000000 0.531761 0.577638
3508.000000 0.529397 0.576941
3509.000000 0.530509 0.574101
3510.000000 0.535588 0.575306
3511.000000 0.529283 0.571841
3512.000000 0.533773 0.588593
3513.000000 0.535622 0.575702
3526.000000 0.501824 0.545779
3527.000000 0.506198 0.548529
3528.000000 0.508917 0.550325
3529.000000 0.511793 0.540122
3530.000000 0.498875 0.549029
3531.000000 0.504922 0.541114
3532.000000 0.502653 0.542102
3533.000000 0.502915 0.540913
3534.000000 0.510408 0.545032
3535.000000 0.494872 0.531390
3536.000000 0.483351 0.526939
3537.000000 0.491735 0.530773
3538.000000 0.494628 0.536499
3539.000000 0.488627 0.531599
3540.000000 0.489577 0.528961
3541.000000 0.483431 0.522391
3542.000000 0.477817 0.510272
3543.000000 0.478821 0.520959
3544.000000 0.474191 0.522836
3545.000000 0.474195 0.526433
3546.000000 0.477676 0.514496
3547.000000 0.471114 0.514207
3548.000000 0.468234 0.512094
3549.000000 0.478252 0.528543
3570.000000 0.516835 0.581942
3571.000000 0.532870 0.590843
3572.000000 0.535582 0.588278
3573.000000 0.531845 0.605588
3641.000000 0.561250 0.606440
3654.000000 0.491545 0.545778
3655.000000 0.492010 0.543439
3656.000000 0.480516 0.532286
3657.000000 0.486811 0.543201
3658.000000 0.475675 0.542771
3659.000000 0.477244 0.541244
3660.000000 0.470411 0.539063
3661.000000 0.469767 0.532184
3662.000000 0.469022 0.523336
3663.000000 0.469948 0.524920
3664.000000 0.461499 0.521798
3665.000000 0.455401 0.531892
3666.000000 0.450751 0.528226
3667.000000 0.452631 0.513405
3668.000000 0.451192 0.522839
3669.000000 0.439658 0.517801
3670.000000 0.445459 0.516183
3671.000000 0.452107 0.514129
3672.000000 0.439806 0.508259
3673.000000 0.439185 0.508649
3674.000000 0.434455 0.495975
3675.000000 0.432760 0.492572
3676.000000 0.436336 0.500617
3677.000000 0.435167 0.494803
3678.000000 0.424793 0.494047
3679.000000 0.426374 0.482831
3680.000000 0.414468 0.489442
3681.000000 0.429960 0.488364
3682.000000 0.417972 0.487559
3683.000000 0.421878 0.490145
3684.000000 0.414328 0.485474
3685.000000 0.412062 0.484330
3686.000000 0.411267 0.485390
3687.000000 0.411273 0.475612
3688.000000 0.416628 0.480167
3689.000000 0.410036 0.478458
3690.000000 0.411876 0.482348
3691.000000 0.420761 0.485982
3692.000000 0.425588 0.486546
3693.000000 0.416212 0.485841
3694.000000 0.412140 0.475767
3695.000000 0.410530 0.484526
3696.000000 0.434160 0.496448
3697.000000 0.416480 0.486275
3698.000000 0.415296 0.506237
3699.000000 0.426985 0.505376
3700.000000 0.436650 0.495235
3701.000000 0.432005 0.494168
3702.000000 0.442107 0.518156
3703.000000 0.440922 0.510712
3704.000000 0.436783 0.515751
3705.000000 0.440153 0.511754
3706.000000 0.443403 0.521650
3707.000000 0.441467 0.519245
3708.000000 0.441958 0.507323
3709.000000 0.441770 0.528512
3710.000000 0.436690 0.523521
3711.000000 0.447641 0.513449
3712.000000 0.453586 0.524579
3713.000000 0.448477 0.531172
3714.000000 0.438957 0.530097
3715.000000 0.450722 0.522374
3716.000000 0.437526 0.536590
3717.000000 0.447636 0.522660
3718.000000 0.440048 0.536770
3719.000000 0.449537 0.528647
3720.000000 0.457074 0.518130
3721.000000 0.450961 0.522148
3722.000000 0.455107 0.537440
3723.000000 0.445984 0.536847
3724.000000 0.465695 0.523349
3725.000000 0.450927 0.521645
3726.000000 0.453225 0.521425
3727.000000 0.459281 0.540887
3728.000000 0.459186 0.533054
3729.000000 0.457567 0.532350
3730.000000 0.447497 0.526610
3731.000000 0.450218 0.525726
3732.000000 0.441233 0.535827
3733.000000 0.442966 0.539768
3734.000000 0.438735 0.527531
3735.000000 0.451630 0.522329
3736.000000 0.442616 0.518953
3737.000000 0.445695 0.520174
3738.000000 0.454435 0.504226
3739.000000 0.440379 0.514005
3740.000000 0.445120 0.505027
3741.000000 0.437689 0.515629
3742.000000 0.426487 0.501860
3743.000000 0.443078 0.499192
3744.000000 0.438119 0.506559
3745.000000 0.423430 0.502712
3746.000000 0.430779 0.512767
3747.000000 0.425473 0.500918
3748.000000 0.416706 0.497823
3749.000000 0.420670 0.499585
3750.000000 0.418986 0.492475
3751.000000 0.415882 0.492223
3752.000000 0.431786 0.490055
3753.000000 0.416867 0.498342
3754.000000 0.424264 0.485795
3755.000000 0.405824 0.493296
3756.000000 0.414264 0.480649
3757.000000 0.405018 0.496403
3758.000000 0.415906 0.491926
3759.000000 0.415027 0.483939
3760.000000 0.417909 0.484104
3761.000000 0.406253 0.485033
3762.000000 0.415746 0.486480
3763.000000 0.413448 0.487873
3764.000000 0.403408 0.486916
3765.000000 0.410830 0.490618
3766.000000 0.407129 0.487582
3767.000000 0.415150 0.491446
3768.000000 0.413166 0.488367
3769.000000 0.408622 0.497186
3782.000000 0.391561 0.490656
3783.000000 0.403318 0.477866
3784.000000 0.394868 0.478755
3785.000000 0.388081 0.486474
3786.000000 0.394917 0.483507
3787.000000 0.399495 0.480771
3788.000000 0.391616 0.492174
3789.000000 0.405388 0.489560
3790.000000 0.396832 0.496462
3791.000000 0.412517 0.496942
3792.000000 0.407172 0.501698
3793.000000 0.414335 0.509375
3794.000000 0.413187 0.533290
3795.000000 0.406488 0.509917
3796.000000 0.412022 0.524279
3797.000000 0.430802 0.512619
3798.000000 0.427571 0.523760
3799.000000 0.435720 0.537373
3800.000000 0.433949 0.527749
3801.000000 0.427388 0.528405
3802.000000 0.432456 0.531552
3803.000000 0.420952 0.532465
3804.000000 0.442912 0.540375
3805.000000 0.441745 0.546523
3806.000000 0.443285 0.557141
3807.000000 0.441144 0.553662
3808.000000 0.444111 0.549769
3809.000000 0.436108 0.535510
3810.000000 0.449689 0.559698
3811.000000 0.448866 0.567110
3812.000000 0.438669 0.563993
3813.000000 0.454033 0.567938
3814.000000 0.447265 0.564220
3815.000000 0.457342 0.574987
3816.000000 0.475183 0.578731
3817.000000 0.452835 0.587470
3818.000000 0.466957 0.580416
3819.000000 0.455494 0.583905
3820.000000 0.468055 0.596097
3821.000000 0.480381 0.590363
3822.000000 0.476976 0.591932
3823.000000 0.478053 0.614564
3824.000000 0.475290 0.603556
3825.000000 0.487137 0.606164
3826.000000 0.497127 0.620967
3827.000000 0.504215 0.617119
3828.000000 0.493250 0.611293
3829.000000 0.508346 0.611484
3830.000000 0.511178 0.627127
3831.000000 0.499343 0.640679
3832.000000 0.499854 0.627767
3833.000000 0.524854 0.636750
3834.000000 0.507002 0.621412
3835.000000 0.517813 0.631731
3836.000000 0.516883 0.632245
3837.000000 0.521181 0.646289
3838.000000 0.528436 0.628002
3839.000000 0.526276 0.627216
3840.000000 0.510816 0.621783
3841.000000 0.516397 0.639909
3842.000000 0.515069 0.635600
3843.000000 0.520896 0.628628
3844.000000 0.524065 0.636700
3845.000000 0.506236 0.623402
3846.000000 0.508093 0.616302
3847.000000 0.506166 0.631513
3848.000000 0.506266 0.623568
3849.000000 0.518740 0.638777
3850.000000 0.512263 0.639703
3851.000000 0.517583 0.625935
3852.000000 0.525143 0.619576
3853.000000 0.523183 0.630603
3854.000000 0.504150 0.634003
3855.000000 0.492758 0.630046
3856.000000 0.496085 0.628149
3857.000000 0.501077 0.636011
3858.000000 0.513415 0.633855
3859.000000 0.501261 0.638520
3860.000000 0.513912 0.635701
3861.000000 0.511779 0.631236
3862.000000 0.494265 0.634180
3863.000000 0.506941 0.645516
3864.000000 0.500283 0.640697
3865.000000 0.497855 0.641542
3866.000000 0.524638 0.621923
3867.000000 0.500676 0.623782
3868.000000 0.505496 0.627524
3869.000000 0.491622 0.610741
3870.000000 0.507976 0.626606
3871.000000 0.502320 0.619736
3872.000000 0.506163 0.633766
3873.000000 0.483860 0.616273
3874.000000 0.484881 0.591795
3875.000000 0.478065 0.609065
3876.000000 0.466646 0.596853
3877.000000 0.463185 0.608468
3878.000000 0.462634 0.591774
3879.000000 0.452704 0.587103
3880.000000 0.451710 0.574718
3881.000000 0.430552 0.579905
3882.000000 0.452203 0.586091
3883.000000 0.473416 0.586035
3884.000000 0.451715 0.572372
3885.000000 0.434626 0.560526
3886.000000 0.450535 0.555314
3887.000000 0.438265 0.566486
3888.000000 0.438384 0.565839
3889.000000 0.417366 0.550949
3890.000000 0.438334 0.529213
3891.000000 0.434449 0.551724
3892.000000 0.418043 0.569798
3893.000000 0.416646 0.567030
3894.000000 0.447042 0.550347
3895.000000 0.436454 0.552989
3896.000000 0.424558 0.534968
3897.000000 0.430958 0.561180
3910.000000 0.404069 0.546762
3911.000000 0.401826 0.566865
3912.000000 0.415711 0.543784
3913.000000 0.401492 0.576910
3914.000000 0.403716 0.562686
3915.000000 0.404101 0.557988
3916.000000 0.412768 0.558653
3917.000000 0.389495 0.555593
3918.000000 0.410573 0.557815
3919.000000 0.401709 0.558572
3920.000000 0.415056 0.552708
3921.000000 0.397441 0.547017
3922.000000 0.419271 0.536014
3923.000000 0.404222 0.555649
3924.000000 0.402546 0.556130
3925.000000 0.401224 0.552184
3926.000000 0.412554 0.544980
3927.000000 0.387650 0.551181
3928.000000 0.418670 0.538769
3929.000000 0.418627 0.561919
3930.000000 0.408695 0.554549
3931.000000 0.415819 0.577005
3932.000000 0.404136 0.540971
3933.000000 0.389518 0.549430
3934.000000 0.435051 0.548823
3935.000000 0.412730 0.548591
3936.000000 0.402384 0.557030
3937.000000 0.411445 0.570120
3938.000000 0.409442 0.575557
3939.000000 0.379360 0.567069
3940.000000 0.396397 0.574203
3941.000000 0.406191 0.564915
3942.000000 0.428956 0.571349
3943.000000 0.412114 0.589304
3944.000000 0.412646 0.558352
3945.000000 0.426263 0.584274
3946.000000 0.425717 0.580055
3947.000000 0.432620 0.597097
3948.000000 0.411294 0.583243
3949.000000 0.419598 0.576650
3950.000000 0.427646 0.586129
3951.000000 0.422634 0.578129
3952.000000 0.442947 0.587078
3953.000000 0.432396 0.601736
3954.000000 0.432847 0.577934
3955.000000 0.424861 0.570187
3956.000000 0.417911 0.581948
3957.000000 0.442868 0.590908
3958.000000 0.431239 0.595619
3959.000000 0.406863 0.595049
3960.000000 0.420946 0.596079
3961.000000 0.419177 0.590933
3962.000000 0.437733 0.580320
3963.000000 0.441440 0.585882
3964.000000 0.426852 0.579083
3965.000000 0.431708 0.578223
3966.000000 0.412042 0.568568
3967.000000 0.409410 0.577852
3968.000000 0.418609 0.564737
3969.000000 0.427847 0.568014
3970.000000 0.410690 0.587144
3971.000000 0.418699 0.575438
3972.000000 0.405358 0.570297
3973.000000 0.402832 0.566150
3974.000000 0.391498 0.559790
3975.000000 0.405215 0.584361
3976.000000 0.405188 0.593887
3977.000000 0.405857 0.554486
3978.000000 0.378865 0.547222
3979.000000 0.379405 0.567390
3980.000000 0.387610 0.559473
3981.000000 0.405899 0.562829
3982.000000 0.407933 0.566680
3983.000000 0.376421 0.543934
3984.000000 0.389805 0.558750
3985.000000 0.380766 0.531931
3986.000000 0.398971 0.550773
3987.000000 0.395037 0.555977
3988.000000 0.404102 0.553902
3989.000000 0.402681 0.551305
3990.000000 0.373053 0.578426
3991.000000 0.451289 0.562591
3992.000000 0.406030 0.571764
3993.000000 0.369973 0.541103
3994.000000 0.394020 0.575126
3995.000000 0.399871 0.547021
3996.000000 0.403038 0.578330
3997.000000 0.395550 0.576251
3998.000000 0.400413 0.586694
3999.000000 0.396372 0.580073
4000.000000 0.408664 0.567216
4001.000000 0.438068 0.586793
4002.000000 0.418667 0.584311
4003.000000 0.396305 0.585951
4004.000000 0.388844 0.601072
4005.000000 0.394478 0.577635
4006.000000 0.430876 0.569285
4007.000000 0.407312 0.577993
4008.000000 0.430230 0.559635
4009.000000 0.377031 0.588200
4010.000000 0.391460 0.591568
4011.000000 0.404268 0.581380
4012.000000 0.401592 0.576848
4013.000000 0.383757 0.567368
4014.000000 0.392015 0.554869
4015.000000 0.378486 0.581326
4016.000000 0.375679 0.582570
4017.000000 0.384624 0.596772
4018.000000 0.354663 0.599593
4019.000000 0.425967 0.585935
4020.000000 0.388249 0.584000
4021.000000 0.409298 0.619322
4022.000000 0.410562 0.610248
4023.000000 0.376787 0.617539
4024.000000 0.395151 0.620906
4025.000000 0.423266 0.614035
